110 G00 0.00000E+00 0.00000E+00 0.00000E+00 0.00000E+00 0.00000E+00 0.00000E+00 0.00000E+00 5.00000E+00 0.00000E+00 0.00000E+00 0.00000E+00 0.00000E+00 0.00000E+00 0.00000E+00 0.00000E+00 0.00000E+00 0.00000E+00 0.00000E+00
120 G00 0.00000E+00 1.77133E+02 0.00000E+00 0.00000E+00 1.24749E+02 0.00000E+00 5.00000E+00 5.00000E+00 0.00000E+00 0.00000E+00 0.00000E+00 0.00000E+00 0.00000E+00 0.00000E+00 0.00000E+00 0.00000E+00 0.00000E+00 0.00000E+00
130 G01 1.77133E+02 1.77133E+02 0.00000E+00 1.24749E+02 1.24749E+02 0.00000E+00 5.00000E+00 1.00000E+00 0.00000E+00 0.00000E+00 0.00000E+00 0.00000E+00 0.00000E+00 0.00000E+00 0.00000E+00 0.00000E+00 1.00000E+02 0.00000E+00
140 G01 1.77133E+02 1.80658E+02 0.00000E+00 1.24749E+02 1.24749E+02 0.00000E+00 1.00000E+00 1.00000E+00 0.00000E+00 0.00000E+00 0.00000E+00 0.00000E+00 0.00000E+00 0.00000E+00 0.00000E+00 1.00000E+02 4.00000E+02 0.00000E+00
150 G01 1.80658E+02 1.80658E+02 0.00000E+00 1.24749E+02 9.42209E+01 0.00000E+00 1.00000E+00 1.00000E+00 0.00000E+00 0.00000E+00 0.00000E+00 0.00000E+00 0.00000E+00 0.00000E+00 0.00000E+00 4.00000E+02 4.00000E+02 0.00000E+00
160 G01 1.80658E+02 1.93465E+02 0.00000E+00 9.42209E+01 9.42209E+01 0.00000E+00 1.00000E+00 1.00000E+00 0.00000E+00 0.00000E+00 0.00000E+00 0.00000E+00 0.00000E+00 0.00000E+00 0.00000E+00 4.00000E+02 4.00000E+02 0.00000E+00
170 G01 1.93465E+02 1.93465E+02 0.00000E+00 9.42209E+01 1.24749E+02 0.00000E+00 1.00000E+00 1.00000E+00 0.00000E+00 0.00000E+00 0.00000E+00 0.00000E+00 0.00000E+00 0.00000E+00 0.00000E+00 4.00000E+02 4.00000E+02 0.00000E+00
180 G01 1.93465E+02 1.96990E+02 0.00000E+00 1.24749E+02 1.24749E+02 0.00000E+00 1.00000E+00 1.00000E+00 0.00000E+00 0.00000E+00 0.00000E+00 0.00000E+00 0.00000E+00 0.00000E+00 0.00000E+00 4.00000E+02 4.00000E+02 0.00000E+00
190 G01 1.96990E+02 1.96990E+02 0.00000E+00 1.24749E+02 5.02742E+01 0.00000E+00 1.00000E+00 1.00000E+00 0.00000E+00 0.00000E+00 0.00000E+00 0.00000E+00 0.00000E+00 0.00000E+00 0.00000E+00 4.00000E+02 4.00000E+02 0.00000E+00
200 G01 1.96990E+02 1.93465E+02 0.00000E+00 5.02742E+01 5.02742E+01 0.00000E+00 1.00000E+00 1.00000E+00 0.00000E+00 0.00000E+00 0.00000E+00 0.00000E+00 0.00000E+00 0.00000E+00 0.00000E+00 4.00000E+02 4.00000E+02 0.00000E+00
210 G01 1.93465E+02 1.93465E+02 0.00000E+00 5.02742E+01 8.57409E+01 0.00000E+00 1.00000E+00 1.00000E+00 0.00000E+00 0.00000E+00 0.00000E+00 0.00000E+00 0.00000E+00 0.00000E+00 0.00000E+00 4.00000E+02 4.00000E+02 0.00000E+00
220 G01 1.93465E+02 1.80658E+02 0.00000E+00 8.57409E+01 8.57409E+01 0.00000E+00 1.00000E+00 1.00000E+00 0.00000E+00 0.00000E+00 0.00000E+00 0.00000E+00 0.00000E+00 0.00000E+00 0.00000E+00 4.00000E+02 4.00000E+02 0.00000E+00
230 G01 1.80658E+02 1.80658E+02 0.00000E+00 8.57409E+01 5.02742E+01 0.00000E+00 1.00000E+00 1.00000E+00 0.00000E+00 0.00000E+00 0.00000E+00 0.00000E+00 0.00000E+00 0.00000E+00 0.00000E+00 4.00000E+02 4.00000E+02 0.00000E+00
240 G01 1.80658E+02 1.77133E+02 0.00000E+00 5.02742E+01 5.02742E+01 0.00000E+00 1.00000E+00 1.00000E+00 0.00000E+00 0.00000E+00 0.00000E+00 0.00000E+00 0.00000E+00 0.00000E+00 0.00000E+00 4.00000E+02 4.00000E+02 0.00000E+00
250 G01 1.77133E+02 1.77133E+02 0.00000E+00 5.02742E+01 1.24749E+02 0.00000E+00 1.00000E+00 1.00000E+00 0.00000E+00 0.00000E+00 0.00000E+00 0.00000E+00 0.00000E+00 0.00000E+00 0.00000E+00 4.00000E+02 4.00000E+02 0.00000E+00
260 G01 1.77133E+02 1.77133E+02 0.00000E+00 1.24749E+02 1.24749E+02 0.00000E+00 1.00000E+00 1.00000E+00 0.00000E+00 0.00000E+00 0.00000E+00 0.00000E+00 0.00000E+00 0.00000E+00 0.00000E+00 4.00000E+02 4.00000E+02 0.00000E+00
270 G00 1.77133E+02 1.77133E+02 0.00000E+00 1.24749E+02 1.24749E+02 0.00000E+00 1.00000E+00 5.00000E+00 0.00000E+00 0.00000E+00 0.00000E+00 0.00000E+00 0.00000E+00 0.00000E+00 0.00000E+00 4.00000E+02 4.00000E+02 0.00000E+00
280 G00 1.77133E+02 1.77133E+02 0.00000E+00 1.24749E+02 1.24749E+02 0.00000E+00 5.00000E+00 5.00000E+00 0.00000E+00 0.00000E+00 0.00000E+00 0.00000E+00 0.00000E+00 0.00000E+00 0.00000E+00 4.00000E+02 4.00000E+02 0.00000E+00
290 G00 1.77133E+02 1.61412E+02 0.00000E+00 1.24749E+02 1.14823E+02 0.00000E+00 5.00000E+00 5.00000E+00 0.00000E+00 0.00000E+00 0.00000E+00 0.00000E+00 0.00000E+00 0.00000E+00 0.00000E+00 4.00000E+02 4.00000E+02 0.00000E+00
300 G01 1.61412E+02 1.61412E+02 0.00000E+00 1.14823E+02 1.14823E+02 0.00000E+00 5.00000E+00 1.00000E+00 0.00000E+00 0.00000E+00 0.00000E+00 0.00000E+00 0.00000E+00 0.00000E+00 0.00000E+00 4.00000E+02 1.00000E+02 0.00000E+00
310 G01 1.61412E+02 1.56631E+02 0.00000E+00 1.14823E+02 7.77596E+01 0.00000E+00 1.00000E+00 1.00000E+00 0.00000E+00 0.00000E+00 0.00000E+00 0.00000E+00 0.00000E+00 0.00000E+00 0.00000E+00 1.00000E+02 4.00000E+02 0.00000E+00
320 G01 1.56631E+02 1.66210E+02 0.00000E+00 7.77596E+01 7.77596E+01 0.00000E+00 1.00000E+00 1.00000E+00 0.00000E+00 0.00000E+00 0.00000E+00 0.00000E+00 0.00000E+00 0.00000E+00 0.00000E+00 4.00000E+02 4.00000E+02 0.00000E+00
330 G01 1.66210E+02 1.61412E+02 0.00000E+00 7.77596E+01 1.14823E+02 0.00000E+00 1.00000E+00 1.00000E+00 0.00000E+00 0.00000E+00 0.00000E+00 0.00000E+00 0.00000E+00 0.00000E+00 0.00000E+00 4.00000E+02 4.00000E+02 0.00000E+00
340 G01 1.61412E+02 1.61412E+02 0.00000E+00 1.14823E+02 1.14823E+02 0.00000E+00 1.00000E+00 1.00000E+00 0.00000E+00 0.00000E+00 0.00000E+00 0.00000E+00 0.00000E+00 0.00000E+00 0.00000E+00 4.00000E+02 4.00000E+02 0.00000E+00
350 G00 1.61412E+02 1.61412E+02 0.00000E+00 1.14823E+02 1.14823E+02 0.00000E+00 1.00000E+00 5.00000E+00 0.00000E+00 0.00000E+00 0.00000E+00 0.00000E+00 0.00000E+00 0.00000E+00 0.00000E+00 4.00000E+02 4.00000E+02 0.00000E+00
360 G00 1.61412E+02 1.61412E+02 0.00000E+00 1.14823E+02 1.14823E+02 0.00000E+00 5.00000E+00 5.00000E+00 0.00000E+00 0.00000E+00 0.00000E+00 0.00000E+00 0.00000E+00 0.00000E+00 0.00000E+00 4.00000E+02 4.00000E+02 0.00000E+00
370 G00 1.61412E+02 1.59422E+02 0.00000E+00 1.14823E+02 1.24749E+02 0.00000E+00 5.00000E+00 5.00000E+00 0.00000E+00 0.00000E+00 0.00000E+00 0.00000E+00 0.00000E+00 0.00000E+00 0.00000E+00 4.00000E+02 4.00000E+02 0.00000E+00
380 G01 1.59422E+02 1.59422E+02 0.00000E+00 1.24749E+02 1.24749E+02 0.00000E+00 5.00000E+00 1.00000E+00 0.00000E+00 0.00000E+00 0.00000E+00 0.00000E+00 0.00000E+00 0.00000E+00 0.00000E+00 4.00000E+02 1.00000E+02 0.00000E+00
390 G01 1.59422E+02 1.63418E+02 0.00000E+00 1.24749E+02 1.24749E+02 0.00000E+00 1.00000E+00 1.00000E+00 0.00000E+00 0.00000E+00 0.00000E+00 0.00000E+00 0.00000E+00 0.00000E+00 0.00000E+00 1.00000E+02 4.00000E+02 0.00000E+00
400 G01 1.63418E+02 1.73347E+02 0.00000E+00 1.24749E+02 5.02742E+01 0.00000E+00 1.00000E+00 1.00000E+00 0.00000E+00 0.00000E+00 0.00000E+00 0.00000E+00 0.00000E+00 0.00000E+00 0.00000E+00 4.00000E+02 4.00000E+02 0.00000E+00
410 G01 1.73347E+02 1.69682E+02 0.00000E+00 5.02742E+01 5.02742E+01 0.00000E+00 1.00000E+00 1.00000E+00 0.00000E+00 0.00000E+00 0.00000E+00 0.00000E+00 0.00000E+00 0.00000E+00 0.00000E+00 4.00000E+02 4.00000E+02 0.00000E+00
420 G01 1.69682E+02 1.67309E+02 0.00000E+00 5.02742E+01 6.93793E+01 0.00000E+00 1.00000E+00 1.00000E+00 0.00000E+00 0.00000E+00 0.00000E+00 0.00000E+00 0.00000E+00 0.00000E+00 0.00000E+00 4.00000E+02 4.00000E+02 0.00000E+00
430 G01 1.67309E+02 1.55566E+02 0.00000E+00 6.93793E+01 6.93793E+01 0.00000E+00 1.00000E+00 1.00000E+00 0.00000E+00 0.00000E+00 0.00000E+00 0.00000E+00 0.00000E+00 0.00000E+00 0.00000E+00 4.00000E+02 4.00000E+02 0.00000E+00
440 G01 1.55566E+02 1.53193E+02 0.00000E+00 6.93793E+01 5.02742E+01 0.00000E+00 1.00000E+00 1.00000E+00 0.00000E+00 0.00000E+00 0.00000E+00 0.00000E+00 0.00000E+00 0.00000E+00 0.00000E+00 4.00000E+02 4.00000E+02 0.00000E+00
450 G01 1.53193E+02 1.49477E+02 0.00000E+00 5.02742E+01 5.02742E+01 0.00000E+00 1.00000E+00 1.00000E+00 0.00000E+00 0.00000E+00 0.00000E+00 0.00000E+00 0.00000E+00 0.00000E+00 0.00000E+00 4.00000E+02 4.00000E+02 0.00000E+00
460 G01 1.49477E+02 1.59422E+02 0.00000E+00 5.02742E+01 1.24749E+02 0.00000E+00 1.00000E+00 1.00000E+00 0.00000E+00 0.00000E+00 0.00000E+00 0.00000E+00 0.00000E+00 0.00000E+00 0.00000E+00 4.00000E+02 4.00000E+02 0.00000E+00
470 G01 1.59422E+02 1.59422E+02 0.00000E+00 1.24749E+02 1.24749E+02 0.00000E+00 1.00000E+00 1.00000E+00 0.00000E+00 0.00000E+00 0.00000E+00 0.00000E+00 0.00000E+00 0.00000E+00 0.00000E+00 4.00000E+02 4.00000E+02 0.00000E+00
480 G00 1.59422E+02 1.59422E+02 0.00000E+00 1.24749E+02 1.24749E+02 0.00000E+00 1.00000E+00 5.00000E+00 0.00000E+00 0.00000E+00 0.00000E+00 0.00000E+00 0.00000E+00 0.00000E+00 0.00000E+00 4.00000E+02 4.00000E+02 0.00000E+00
490 G00 1.59422E+02 1.59422E+02 0.00000E+00 1.24749E+02 1.24749E+02 0.00000E+00 5.00000E+00 5.00000E+00 0.00000E+00 0.00000E+00 0.00000E+00 0.00000E+00 0.00000E+00 0.00000E+00 0.00000E+00 4.00000E+02 4.00000E+02 0.00000E+00
500 G00 1.59422E+02 1.31976E+02 0.00000E+00 1.24749E+02 1.24749E+02 0.00000E+00 5.00000E+00 5.00000E+00 0.00000E+00 0.00000E+00 0.00000E+00 0.00000E+00 0.00000E+00 0.00000E+00 0.00000E+00 4.00000E+02 4.00000E+02 0.00000E+00
510 G01 1.31976E+02 1.31976E+02 0.00000E+00 1.24749E+02 1.24749E+02 0.00000E+00 5.00000E+00 1.00000E+00 0.00000E+00 0.00000E+00 0.00000E+00 0.00000E+00 0.00000E+00 0.00000E+00 0.00000E+00 4.00000E+02 1.00000E+02 0.00000E+00
520 G01 1.31976E+02 1.35500E+02 0.00000E+00 1.24749E+02 1.24749E+02 0.00000E+00 1.00000E+00 1.00000E+00 0.00000E+00 0.00000E+00 0.00000E+00 0.00000E+00 0.00000E+00 0.00000E+00 0.00000E+00 1.00000E+02 4.00000E+02 0.00000E+00
530 G01 1.35500E+02 1.35500E+02 0.00000E+00 1.24749E+02 5.87543E+01 0.00000E+00 1.00000E+00 1.00000E+00 0.00000E+00 0.00000E+00 0.00000E+00 0.00000E+00 0.00000E+00 0.00000E+00 0.00000E+00 4.00000E+02 4.00000E+02 0.00000E+00
540 G01 1.35500E+02 1.48186E+02 0.00000E+00 5.87543E+01 5.87543E+01 0.00000E+00 1.00000E+00 1.00000E+00 0.00000E+00 0.00000E+00 0.00000E+00 0.00000E+00 0.00000E+00 0.00000E+00 0.00000E+00 4.00000E+02 4.00000E+02 0.00000E+00
550 G01 1.48186E+02 1.48186E+02 0.00000E+00 5.87543E+01 5.02742E+01 0.00000E+00 1.00000E+00 1.00000E+00 0.00000E+00 0.00000E+00 0.00000E+00 0.00000E+00 0.00000E+00 0.00000E+00 0.00000E+00 4.00000E+02 4.00000E+02 0.00000E+00
560 G01 1.48186E+02 1.31976E+02 0.00000E+00 5.02742E+01 5.02742E+01 0.00000E+00 1.00000E+00 1.00000E+00 0.00000E+00 0.00000E+00 0.00000E+00 0.00000E+00 0.00000E+00 0.00000E+00 0.00000E+00 4.00000E+02 4.00000E+02 0.00000E+00
570 G01 1.31976E+02 1.31976E+02 0.00000E+00 5.02742E+01 1.24749E+02 0.00000E+00 1.00000E+00 1.00000E+00 0.00000E+00 0.00000E+00 0.00000E+00 0.00000E+00 0.00000E+00 0.00000E+00 0.00000E+00 4.00000E+02 4.00000E+02 0.00000E+00
580 G01 1.31976E+02 1.31976E+02 0.00000E+00 1.24749E+02 1.24749E+02 0.00000E+00 1.00000E+00 1.00000E+00 0.00000E+00 0.00000E+00 0.00000E+00 0.00000E+00 0.00000E+00 0.00000E+00 0.00000E+00 4.00000E+02 4.00000E+02 0.00000E+00
590 G00 1.31976E+02 1.31976E+02 0.00000E+00 1.24749E+02 1.24749E+02 0.00000E+00 1.00000E+00 5.00000E+00 0.00000E+00 0.00000E+00 0.00000E+00 0.00000E+00 0.00000E+00 0.00000E+00 0.00000E+00 4.00000E+02 4.00000E+02 0.00000E+00
600 G00 1.31976E+02 1.31976E+02 0.00000E+00 1.24749E+02 1.24749E+02 0.00000E+00 5.00000E+00 5.00000E+00 0.00000E+00 0.00000E+00 0.00000E+00 0.00000E+00 0.00000E+00 0.00000E+00 0.00000E+00 4.00000E+02 4.00000E+02 0.00000E+00
610 G00 1.31976E+02 1.12084E+02 0.00000E+00 1.24749E+02 1.24749E+02 0.00000E+00 5.00000E+00 5.00000E+00 0.00000E+00 0.00000E+00 0.00000E+00 0.00000E+00 0.00000E+00 0.00000E+00 0.00000E+00 4.00000E+02 4.00000E+02 0.00000E+00
620 G01 1.12084E+02 1.12084E+02 0.00000E+00 1.24749E+02 1.24749E+02 0.00000E+00 5.00000E+00 1.00000E+00 0.00000E+00 0.00000E+00 0.00000E+00 0.00000E+00 0.00000E+00 0.00000E+00 0.00000E+00 4.00000E+02 1.00000E+02 0.00000E+00
630 G01 1.12084E+02 1.15609E+02 0.00000E+00 1.24749E+02 1.24749E+02 0.00000E+00 1.00000E+00 1.00000E+00 0.00000E+00 0.00000E+00 0.00000E+00 0.00000E+00 0.00000E+00 0.00000E+00 0.00000E+00 1.00000E+02 4.00000E+02 0.00000E+00
640 G01 1.15609E+02 1.15609E+02 0.00000E+00 1.24749E+02 5.87543E+01 0.00000E+00 1.00000E+00 1.00000E+00 0.00000E+00 0.00000E+00 0.00000E+00 0.00000E+00 0.00000E+00 0.00000E+00 0.00000E+00 4.00000E+02 4.00000E+02 0.00000E+00
650 G01 1.15609E+02 1.28294E+02 0.00000E+00 5.87543E+01 5.87543E+01 0.00000E+00 1.00000E+00 1.00000E+00 0.00000E+00 0.00000E+00 0.00000E+00 0.00000E+00 0.00000E+00 0.00000E+00 0.00000E+00 4.00000E+02 4.00000E+02 0.00000E+00
660 G01 1.28294E+02 1.28294E+02 0.00000E+00 5.87543E+01 5.02742E+01 0.00000E+00 1.00000E+00 1.00000E+00 0.00000E+00 0.00000E+00 0.00000E+00 0.00000E+00 0.00000E+00 0.00000E+00 0.00000E+00 4.00000E+02 4.00000E+02 0.00000E+00
670 G01 1.28294E+02 1.12084E+02 0.00000E+00 5.02742E+01 5.02742E+01 0.00000E+00 1.00000E+00 1.00000E+00 0.00000E+00 0.00000E+00 0.00000E+00 0.00000E+00 0.00000E+00 0.00000E+00 0.00000E+00 4.00000E+02 4.00000E+02 0.00000E+00
680 G01 1.12084E+02 1.12084E+02 0.00000E+00 5.02742E+01 1.24749E+02 0.00000E+00 1.00000E+00 1.00000E+00 0.00000E+00 0.00000E+00 0.00000E+00 0.00000E+00 0.00000E+00 0.00000E+00 0.00000E+00 4.00000E+02 4.00000E+02 0.00000E+00
690 G01 1.12084E+02 1.12084E+02 0.00000E+00 1.24749E+02 1.24749E+02 0.00000E+00 1.00000E+00 1.00000E+00 0.00000E+00 0.00000E+00 0.00000E+00 0.00000E+00 0.00000E+00 0.00000E+00 0.00000E+00 4.00000E+02 4.00000E+02 0.00000E+00
700 G00 1.12084E+02 1.12084E+02 0.00000E+00 1.24749E+02 1.24749E+02 0.00000E+00 1.00000E+00 5.00000E+00 0.00000E+00 0.00000E+00 0.00000E+00 0.00000E+00 0.00000E+00 0.00000E+00 0.00000E+00 4.00000E+02 4.00000E+02 0.00000E+00
710 G00 1.12084E+02 1.12084E+02 0.00000E+00 1.24749E+02 1.24749E+02 0.00000E+00 5.00000E+00 5.00000E+00 0.00000E+00 0.00000E+00 0.00000E+00 0.00000E+00 0.00000E+00 0.00000E+00 0.00000E+00 4.00000E+02 4.00000E+02 0.00000E+00
720 G00 1.12084E+02 1.01545E+02 0.00000E+00 1.24749E+02 1.24749E+02 0.00000E+00 5.00000E+00 5.00000E+00 0.00000E+00 0.00000E+00 0.00000E+00 0.00000E+00 0.00000E+00 0.00000E+00 0.00000E+00 4.00000E+02 4.00000E+02 0.00000E+00
730 G01 1.01545E+02 1.01545E+02 0.00000E+00 1.24749E+02 1.24749E+02 0.00000E+00 5.00000E+00 1.00000E+00 0.00000E+00 0.00000E+00 0.00000E+00 0.00000E+00 0.00000E+00 0.00000E+00 0.00000E+00 4.00000E+02 1.00000E+02 0.00000E+00
740 G01 1.01545E+02 1.05070E+02 0.00000E+00 1.24749E+02 1.24749E+02 0.00000E+00 1.00000E+00 1.00000E+00 0.00000E+00 0.00000E+00 0.00000E+00 0.00000E+00 0.00000E+00 0.00000E+00 0.00000E+00 1.00000E+02 4.00000E+02 0.00000E+00
750 G01 1.05070E+02 1.05070E+02 0.00000E+00 1.24749E+02 5.02742E+01 0.00000E+00 1.00000E+00 1.00000E+00 0.00000E+00 0.00000E+00 0.00000E+00 0.00000E+00 0.00000E+00 0.00000E+00 0.00000E+00 4.00000E+02 4.00000E+02 0.00000E+00
760 G01 1.05070E+02 1.01545E+02 0.00000E+00 5.02742E+01 5.02742E+01 0.00000E+00 1.00000E+00 1.00000E+00 0.00000E+00 0.00000E+00 0.00000E+00 0.00000E+00 0.00000E+00 0.00000E+00 0.00000E+00 4.00000E+02 4.00000E+02 0.00000E+00
770 G01 1.01545E+02 1.01545E+02 0.00000E+00 5.02742E+01 1.24749E+02 0.00000E+00 1.00000E+00 1.00000E+00 0.00000E+00 0.00000E+00 0.00000E+00 0.00000E+00 0.00000E+00 0.00000E+00 0.00000E+00 4.00000E+02 4.00000E+02 0.00000E+00
780 G01 1.01545E+02 1.01545E+02 0.00000E+00 1.24749E+02 1.24749E+02 0.00000E+00 1.00000E+00 1.00000E+00 0.00000E+00 0.00000E+00 0.00000E+00 0.00000E+00 0.00000E+00 0.00000E+00 0.00000E+00 4.00000E+02 4.00000E+02 0.00000E+00
790 G00 1.01545E+02 1.01545E+02 0.00000E+00 1.24749E+02 1.24749E+02 0.00000E+00 1.00000E+00 5.00000E+00 0.00000E+00 0.00000E+00 0.00000E+00 0.00000E+00 0.00000E+00 0.00000E+00 0.00000E+00 4.00000E+02 4.00000E+02 0.00000E+00
800 G00 1.01545E+02 1.01545E+02 0.00000E+00 1.24749E+02 1.24749E+02 0.00000E+00 5.00000E+00 5.00000E+00 0.00000E+00 0.00000E+00 0.00000E+00 0.00000E+00 0.00000E+00 0.00000E+00 0.00000E+00 4.00000E+02 4.00000E+02 0.00000E+00
810 G00 1.01545E+02 7.06958E+01 0.00000E+00 1.24749E+02 1.24749E+02 0.00000E+00 5.00000E+00 5.00000E+00 0.00000E+00 0.00000E+00 0.00000E+00 0.00000E+00 0.00000E+00 0.00000E+00 0.00000E+00 4.00000E+02 4.00000E+02 0.00000E+00
820 G01 7.06958E+01 7.06958E+01 0.00000E+00 1.24749E+02 1.24749E+02 0.00000E+00 5.00000E+00 1.00000E+00 0.00000E+00 0.00000E+00 0.00000E+00 0.00000E+00 0.00000E+00 0.00000E+00 0.00000E+00 4.00000E+02 1.00000E+02 0.00000E+00
830 G01 7.06958E+01 7.59478E+01 0.00000E+00 1.24749E+02 1.24749E+02 0.00000E+00 1.00000E+00 1.00000E+00 0.00000E+00 0.00000E+00 0.00000E+00 0.00000E+00 0.00000E+00 0.00000E+00 0.00000E+00 1.00000E+02 4.00000E+02 0.00000E+00
840 G01 7.59478E+01 8.25958E+01 0.00000E+00 1.24749E+02 7.40683E+01 0.00000E+00 1.00000E+00 1.00000E+00 0.00000E+00 0.00000E+00 0.00000E+00 0.00000E+00 0.00000E+00 0.00000E+00 0.00000E+00 4.00000E+02 4.00000E+02 0.00000E+00
850 G01 8.25958E+01 8.92786E+01 0.00000E+00 7.40683E+01 1.24749E+02 0.00000E+00 1.00000E+00 1.00000E+00 0.00000E+00 0.00000E+00 0.00000E+00 0.00000E+00 0.00000E+00 0.00000E+00 0.00000E+00 4.00000E+02 4.00000E+02 0.00000E+00
860 G01 8.92786E+01 9.45307E+01 0.00000E+00 1.24749E+02 1.24749E+02 0.00000E+00 1.00000E+00 1.00000E+00 0.00000E+00 0.00000E+00 0.00000E+00 0.00000E+00 0.00000E+00 0.00000E+00 0.00000E+00 4.00000E+02 4.00000E+02 0.00000E+00
870 G01 9.45307E+01 9.45307E+01 0.00000E+00 1.24749E+02 5.02742E+01 0.00000E+00 1.00000E+00 1.00000E+00 0.00000E+00 0.00000E+00 0.00000E+00 0.00000E+00 0.00000E+00 0.00000E+00 0.00000E+00 4.00000E+02 4.00000E+02 0.00000E+00
880 G01 9.45307E+01 9.10933E+01 0.00000E+00 5.02742E+01 5.02742E+01 0.00000E+00 1.00000E+00 1.00000E+00 0.00000E+00 0.00000E+00 0.00000E+00 0.00000E+00 0.00000E+00 0.00000E+00 0.00000E+00 4.00000E+02 4.00000E+02 0.00000E+00
890 G01 9.10933E+01 9.10933E+01 0.00000E+00 5.02742E+01 1.15671E+02 0.00000E+00 1.00000E+00 1.00000E+00 0.00000E+00 0.00000E+00 0.00000E+00 0.00000E+00 0.00000E+00 0.00000E+00 0.00000E+00 4.00000E+02 4.00000E+02 0.00000E+00
900 G01 9.10933E+01 8.43756E+01 0.00000E+00 1.15671E+02 6.45906E+01 0.00000E+00 1.00000E+00 1.00000E+00 0.00000E+00 0.00000E+00 0.00000E+00 0.00000E+00 0.00000E+00 0.00000E+00 0.00000E+00 4.00000E+02 4.00000E+02 0.00000E+00
910 G01 8.43756E+01 8.08335E+01 0.00000E+00 6.45906E+01 6.45906E+01 0.00000E+00 1.00000E+00 1.00000E+00 0.00000E+00 0.00000E+00 0.00000E+00 0.00000E+00 0.00000E+00 0.00000E+00 0.00000E+00 4.00000E+02 4.00000E+02 0.00000E+00
920 G01 8.08335E+01 7.41157E+01 0.00000E+00 6.45906E+01 1.15671E+02 0.00000E+00 1.00000E+00 1.00000E+00 0.00000E+00 0.00000E+00 0.00000E+00 0.00000E+00 0.00000E+00 0.00000E+00 0.00000E+00 4.00000E+02 4.00000E+02 0.00000E+00
930 G01 7.41157E+01 7.41157E+01 0.00000E+00 1.15671E+02 5.02742E+01 0.00000E+00 1.00000E+00 1.00000E+00 0.00000E+00 0.00000E+00 0.00000E+00 0.00000E+00 0.00000E+00 0.00000E+00 0.00000E+00 4.00000E+02 4.00000E+02 0.00000E+00
940 G01 7.41157E+01 7.06958E+01 0.00000E+00 5.02742E+01 5.02742E+01 0.00000E+00 1.00000E+00 1.00000E+00 0.00000E+00 0.00000E+00 0.00000E+00 0.00000E+00 0.00000E+00 0.00000E+00 0.00000E+00 4.00000E+02 4.00000E+02 0.00000E+00
950 G01 7.06958E+01 7.06958E+01 0.00000E+00 5.02742E+01 1.24749E+02 0.00000E+00 1.00000E+00 1.00000E+00 0.00000E+00 0.00000E+00 0.00000E+00 0.00000E+00 0.00000E+00 0.00000E+00 0.00000E+00 4.00000E+02 4.00000E+02 0.00000E+00
960 G01 7.06958E+01 7.06958E+01 0.00000E+00 1.24749E+02 1.24749E+02 0.00000E+00 1.00000E+00 1.00000E+00 0.00000E+00 0.00000E+00 0.00000E+00 0.00000E+00 0.00000E+00 0.00000E+00 0.00000E+00 4.00000E+02 4.00000E+02 0.00000E+00
970 G00 7.06958E+01 7.06958E+01 0.00000E+00 1.24749E+02 1.24749E+02 0.00000E+00 1.00000E+00 5.00000E+00 0.00000E+00 0.00000E+00 0.00000E+00 0.00000E+00 0.00000E+00 0.00000E+00 0.00000E+00 4.00000E+02 4.00000E+02 0.00000E+00
980 G00 7.06958E+01 7.06958E+01 0.00000E+00 1.24749E+02 1.24749E+02 0.00000E+00 5.00000E+00 5.00000E+00 0.00000E+00 0.00000E+00 0.00000E+00 0.00000E+00 0.00000E+00 0.00000E+00 0.00000E+00 4.00000E+02 4.00000E+02 0.00000E+00
990 G00 7.06958E+01 6.36290E+01 0.00000E+00 1.24749E+02 1.22305E+02 0.00000E+00 5.00000E+00 5.00000E+00 0.00000E+00 0.00000E+00 0.00000E+00 0.00000E+00 0.00000E+00 0.00000E+00 0.00000E+00 4.00000E+02 4.00000E+02 0.00000E+00
1000 G01 6.36290E+01 6.36290E+01 0.00000E+00 1.22305E+02 1.22305E+02 0.00000E+00 5.00000E+00 1.00000E+00 0.00000E+00 0.00000E+00 0.00000E+00 0.00000E+00 0.00000E+00 0.00000E+00 0.00000E+00 4.00000E+02 1.00000E+02 0.00000E+00
1010 G01 6.36290E+01 6.36290E+01 0.00000E+00 1.22305E+02 1.12478E+02 0.00000E+00 1.00000E+00 1.00000E+00 0.00000E+00 0.00000E+00 0.00000E+00 0.00000E+00 0.00000E+00 0.00000E+00 0.00000E+00 1.00000E+02 4.00000E+02 0.00000E+00
1020 G03 6.36290E+01 6.14822E+01 0.00000E+00 1.12478E+02 1.15084E+02 0.00000E+00 1.00000E+00 1.00000E+00 0.00000E+00 0.00000E+00 -2.36395E+01 0.00000E+00 0.00000E+00 -1.72897E+01 0.00000E+00 4.00000E+02 4.00000E+02 0.00000E+00
1030 G03 6.14822E+01 5.98427E+01 0.00000E+00 1.15084E+02 1.16568E+02 0.00000E+00 1.00000E+00 1.00000E+00 0.00000E+00 -2.36395E+01 -9.22596E+00 0.00000E+00 -1.72897E+01 -8.54024E+00 0.00000E+00 4.00000E+02 4.00000E+02 0.00000E+00
1040 G03 5.98427E+01 5.79640E+01 0.00000E+00 1.16568E+02 1.17621E+02 0.00000E+00 1.00000E+00 1.00000E+00 0.00000E+00 -9.22596E+00 -4.75074E+00 0.00000E+00 -8.54024E+00 -6.27785E+00 0.00000E+00 4.00000E+02 4.00000E+02 0.00000E+00
1050 G03 5.79640E+01 5.64053E+01 0.00000E+00 1.17621E+02 1.17915E+02 0.00000E+00 1.00000E+00 1.00000E+00 0.00000E+00 -4.75074E+00 -1.55876E+00 0.00000E+00 -6.27785E+00 -3.97829E+00 0.00000E+00 4.00000E+02 4.00000E+02 0.00000E+00
1060 G03 5.64053E+01 5.40065E+01 0.00000E+00 1.17915E+02 1.17144E+02 0.00000E+00 1.00000E+00 1.00000E+00 0.00000E+00 -1.55876E+00 -0.00000E+00 0.00000E+00 -3.97829E+00 -4.11468E+00 0.00000E+00 4.00000E+02 4.00000E+02 0.00000E+00
1070 G03 5.40065E+01 5.19558E+01 0.00000E+00 1.17144E+02 1.14723E+02 0.00000E+00 1.00000E+00 1.00000E+00 0.00000E+00 -0.00000E+00 3.80311E+00 0.00000E+00 -4.11468E+00 -5.30044E+00 0.00000E+00 4.00000E+02 4.00000E+02 0.00000E+00
1080 G03 5.19558E+01 5.08931E+01 0.00000E+00 1.14723E+02 1.11417E+02 0.00000E+00 1.00000E+00 1.00000E+00 0.00000E+00 3.80311E+00 1.10571E+01 0.00000E+00 -5.30044E+00 -5.37854E+00 0.00000E+00 4.00000E+02 4.00000E+02 0.00000E+00
1090 G03 5.08931E+01 5.04029E+01 0.00000E+00 1.11417E+02 1.05644E+02 0.00000E+00 1.00000E+00 1.00000E+00 0.00000E+00 1.10571E+01 3.37512E+01 0.00000E+00 -5.37854E+00 -5.77326E+00 0.00000E+00 4.00000E+02 4.00000E+02 0.00000E+00
1100 G03 5.04029E+01 5.07366E+01 0.00000E+00 1.05644E+02 1.00771E+02 0.00000E+00 1.00000E+00 1.00000E+00 0.00000E+00 3.37512E+01 3.57547E+01 0.00000E+00 -5.77326E+00 -0.00000E+00 0.00000E+00 4.00000E+02 4.00000E+02 0.00000E+00
1110 G03 5.07366E+01 5.14324E+01 0.00000E+00 1.00771E+02 9.81617E+01 0.00000E+00 1.00000E+00 1.00000E+00 0.00000E+00 3.57547E+01 1.08228E+01 0.00000E+00 -0.00000E+00 1.48906E+00 0.00000E+00 4.00000E+02 4.00000E+02 0.00000E+00
1120 G03 5.14324E+01 5.28573E+01 0.00000E+00 9.81617E+01 9.60119E+01 0.00000E+00 1.00000E+00 1.00000E+00 0.00000E+00 1.08228E+01 6.36519E+00 0.00000E+00 1.48906E+00 2.67181E+00 0.00000E+00 4.00000E+02 4.00000E+02 0.00000E+00
1130 G03 5.28573E+01 5.53758E+01 0.00000E+00 9.60119E+01 9.41212E+01 0.00000E+00 1.00000E+00 1.00000E+00 0.00000E+00 6.36519E+00 7.36595E+00 0.00000E+00 2.67181E+00 7.18894E+00 0.00000E+00 4.00000E+02 4.00000E+02 0.00000E+00
1140 G01 5.53758E+01 5.75045E+01 0.00000E+00 9.41212E+01 9.28741E+01 0.00000E+00 1.00000E+00 1.00000E+00 0.00000E+00 7.36595E+00 0.00000E+00 0.00000E+00 7.18894E+00 0.00000E+00 0.00000E+00 4.00000E+02 4.00000E+02 0.00000E+00
1150 G02 5.75045E+01 6.07259E+01 0.00000E+00 9.28741E+01 9.01189E+01 0.00000E+00 1.00000E+00 1.00000E+00 0.00000E+00 0.00000E+00 -4.87240E+00 0.00000E+00 0.00000E+00 -8.95768E+00 0.00000E+00 4.00000E+02 4.00000E+02 0.00000E+00
1160 G02 6.07259E+01 6.33150E+01 0.00000E+00 9.01189E+01 8.52919E+01 0.00000E+00 1.00000E+00 1.00000E+00 0.00000E+00 -4.87240E+00 -1.35146E+01 0.00000E+00 -8.95768E+00 -1.03566E+01 0.00000E+00 4.00000E+02 4.00000E+02 0.00000E+00
1170 G02 6.33150E+01 6.46170E+01 0.00000E+00 8.52919E+01 7.98057E+01 0.00000E+00 1.00000E+00 1.00000E+00 0.00000E+00 -1.35146E+01 -2.57640E+01 0.00000E+00 -1.03566E+01 -9.01211E+00 0.00000E+00 4.00000E+02 4.00000E+02 0.00000E+00
1180 G02 6.46170E+01 6.51994E+01 0.00000E+00 7.98057E+01 7.08259E+01 0.00000E+00 1.00000E+00 1.00000E+00 0.00000E+00 -2.57640E+01 -6.89326E+01 0.00000E+00 -9.01211E+00 -8.97974E+00 0.00000E+00 4.00000E+02 4.00000E+02 0.00000E+00
1190 G02 6.51994E+01 6.43781E+01 0.00000E+00 7.08259E+01 6.01798E+01 0.00000E+00 1.00000E+00 1.00000E+00 0.00000E+00 -6.89326E+01 -6.94052E+01 0.00000E+00 -8.97974E+00 0.00000E+00 0.00000E+00 4.00000E+02 4.00000E+02 0.00000E+00
1200 G02 6.43781E+01 6.26519E+01 0.00000E+00 6.01798E+01 5.44145E+01 0.00000E+00 1.00000E+00 1.00000E+00 0.00000E+00 -6.94052E+01 -2.17865E+01 0.00000E+00 0.00000E+00 3.38188E+00 0.00000E+00 4.00000E+02 4.00000E+02 0.00000E+00
1210 G02 6.26519E+01 5.92531E+01 0.00000E+00 5.44145E+01 5.01747E+01 0.00000E+00 1.00000E+00 1.00000E+00 0.00000E+00 -2.17865E+01 -9.98369E+00 0.00000E+00 3.38188E+00 4.52120E+00 0.00000E+00 4.00000E+02 4.00000E+02 0.00000E+00
1220 G02 5.92531E+01 5.52188E+01 0.00000E+00 5.01747E+01 4.88276E+01 0.00000E+00 1.00000E+00 1.00000E+00 0.00000E+00 -9.98369E+00 -4.03434E+00 0.00000E+00 4.52120E+00 5.36757E+00 0.00000E+00 4.00000E+02 4.00000E+02 0.00000E+00
1230 G02 5.52188E+01 5.34394E+01 0.00000E+00 4.88276E+01 4.90918E+01 0.00000E+00 1.00000E+00 1.00000E+00 0.00000E+00 -4.03434E+00 0.00000E+00 0.00000E+00 5.36757E+00 6.12523E+00 0.00000E+00 4.00000E+02 4.00000E+02 0.00000E+00
1240 G02 5.34394E+01 5.12753E+01 0.00000E+00 4.90918E+01 5.00248E+01 0.00000E+00 1.00000E+00 1.00000E+00 0.00000E+00 0.00000E+00 3.05379E+00 0.00000E+00 6.12523E+00 1.00588E+01 0.00000E+00 4.00000E+02 4.00000E+02 0.00000E+00
1250 G02 5.12753E+01 4.93212E+01 0.00000E+00 5.00248E+01 5.13774E+01 0.00000E+00 1.00000E+00 1.00000E+00 0.00000E+00 3.05379E+00 7.20886E+00 0.00000E+00 1.00588E+01 1.25030E+01 0.00000E+00 4.00000E+02 4.00000E+02 0.00000E+00
1260 G02 4.93212E+01 4.69655E+01 0.00000E+00 5.13774E+01 5.35665E+01 0.00000E+00 1.00000E+00 1.00000E+00 0.00000E+00 7.20886E+00 1.67757E+01 0.00000E+00 1.25030E+01 2.04142E+01 0.00000E+00 4.00000E+02 4.00000E+02 0.00000E+00
1270 G01 4.69655E+01 4.69655E+01 0.00000E+00 5.35665E+01 6.39421E+01 0.00000E+00 1.00000E+00 1.00000E+00 0.00000E+00 1.67757E+01 0.00000E+00 0.00000E+00 2.04142E+01 0.00000E+00 0.00000E+00 4.00000E+02 4.00000E+02 0.00000E+00
1280 G03 4.69655E+01 4.93021E+01 0.00000E+00 6.39421E+01 6.06647E+01 0.00000E+00 1.00000E+00 1.00000E+00 0.00000E+00 0.00000E+00 2.76495E+01 0.00000E+00 0.00000E+00 1.72408E+01 0.00000E+00 4.00000E+02 4.00000E+02 0.00000E+00
1290 G03 4.93021E+01 5.11707E+01 0.00000E+00 6.06647E+01 5.87543E+01 0.00000E+00 1.00000E+00 1.00000E+00 0.00000E+00 2.76495E+01 1.11573E+01 0.00000E+00 1.72408E+01 9.04391E+00 0.00000E+00 4.00000E+02 4.00000E+02 0.00000E+00
1300 G03 5.11707E+01 5.33697E+01 0.00000E+00 5.87543E+01 5.73902E+01 0.00000E+00 1.00000E+00 1.00000E+00 0.00000E+00 1.11573E+01 5.67251E+00 0.00000E+00 9.04391E+00 6.68963E+00 0.00000E+00 4.00000E+02 4.00000E+02 0.00000E+00
1310 G03 5.33697E+01 5.52188E+01 0.00000E+00 5.73902E+01 5.70084E+01 0.00000E+00 1.00000E+00 1.00000E+00 0.00000E+00 5.67251E+00 1.84909E+00 0.00000E+00 6.68963E+00 4.28737E+00 0.00000E+00 4.00000E+02 4.00000E+02 0.00000E+00
1320 G03 5.52188E+01 5.77256E+01 0.00000E+00 5.70084E+01 5.78243E+01 0.00000E+00 1.00000E+00 1.00000E+00 0.00000E+00 1.84909E+00 -0.00000E+00 0.00000E+00 4.28737E+00 4.25898E+00 0.00000E+00 4.00000E+02 4.00000E+02 0.00000E+00
1330 G03 5.77256E+01 5.98776E+01 0.00000E+00 5.78243E+01 6.04004E+01 0.00000E+00 1.00000E+00 1.00000E+00 0.00000E+00 -0.00000E+00 -4.06403E+00 0.00000E+00 4.25898E+00 5.58178E+00 0.00000E+00 4.00000E+02 4.00000E+02 0.00000E+00
1340 G03 5.98776E+01 6.09989E+01 0.00000E+00 6.04004E+01 6.39113E+01 0.00000E+00 1.00000E+00 1.00000E+00 0.00000E+00 -4.06403E+00 -1.17845E+01 0.00000E+00 5.58178E+00 5.69827E+00 0.00000E+00 4.00000E+02 4.00000E+02 0.00000E+00
1350 G03 6.09989E+01 6.15177E+01 0.00000E+00 6.39113E+01 7.00777E+01 0.00000E+00 1.00000E+00 1.00000E+00 0.00000E+00 -1.17845E+01 -3.63823E+01 0.00000E+00 5.69827E+00 6.16636E+00 0.00000E+00 4.00000E+02 4.00000E+02 0.00000E+00
1360 G03 6.15177E+01 6.11449E+01 0.00000E+00 7.00777E+01 7.54957E+01 0.00000E+00 1.00000E+00 1.00000E+00 0.00000E+00 -3.63823E+01 -3.95514E+01 0.00000E+00 6.16636E+00 -0.00000E+00 0.00000E+00 4.00000E+02 4.00000E+02 0.00000E+00
1370 G03 6.11449E+01 6.03312E+01 0.00000E+00 7.54957E+01 7.86575E+01 0.00000E+00 1.00000E+00 1.00000E+00 0.00000E+00 -3.95514E+01 -1.41589E+01 0.00000E+00 -0.00000E+00 -1.95805E+00 0.00000E+00 4.00000E+02 4.00000E+02 0.00000E+00
1380 G03 6.03312E+01 5.87393E+01 0.00000E+00 7.86575E+01 8.13905E+01 0.00000E+00 1.00000E+00 1.00000E+00 0.00000E+00 -1.41589E+01 -8.94953E+00 0.00000E+00 -1.95805E+00 -3.38296E+00 0.00000E+00 4.00000E+02 4.00000E+02 0.00000E+00
1390 G03 5.87393E+01 5.64751E+01 0.00000E+00 8.13905E+01 8.32966E+01 0.00000E+00 1.00000E+00 1.00000E+00 0.00000E+00 -8.94953E+00 -6.44345E+00 0.00000E+00 -3.38296E+00 -5.35601E+00 0.00000E+00 4.00000E+02 4.00000E+02 0.00000E+00
1400 G01 5.64751E+01 5.43289E+01 0.00000E+00 8.32966E+01 8.44938E+01 0.00000E+00 1.00000E+00 1.00000E+00 0.00000E+00 -6.44345E+00 0.00000E+00 0.00000E+00 -5.35601E+00 0.00000E+00 0.00000E+00 4.00000E+02 4.00000E+02 0.00000E+00
1410 G02 5.43289E+01 5.10340E+01 0.00000E+00 8.44938E+01 8.72881E+01 0.00000E+00 1.00000E+00 1.00000E+00 0.00000E+00 0.00000E+00 5.78218E+00 0.00000E+00 0.00000E+00 1.01578E+01 0.00000E+00 4.00000E+02 4.00000E+02 0.00000E+00
1420 G02 5.10340E+01 4.86231E+01 0.00000E+00 8.72881E+01 9.15273E+01 0.00000E+00 1.00000E+00 1.00000E+00 0.00000E+00 5.78218E+00 1.15665E+01 0.00000E+00 1.01578E+01 9.38304E+00 0.00000E+00 4.00000E+02 4.00000E+02 0.00000E+00
1430 G02 4.86231E+01 4.74162E+01 0.00000E+00 9.15273E+01 9.64150E+01 0.00000E+00 1.00000E+00 1.00000E+00 0.00000E+00 1.15665E+01 2.14151E+01 0.00000E+00 9.38304E+00 7.88103E+00 0.00000E+00 4.00000E+02 4.00000E+02 0.00000E+00
1440 G02 4.74162E+01 4.68608E+01 0.00000E+00 9.64150E+01 1.04846E+02 0.00000E+00 1.00000E+00 1.00000E+00 0.00000E+00 2.14151E+01 6.37171E+01 0.00000E+00 7.88103E+00 8.43100E+00 0.00000E+00 4.00000E+02 4.00000E+02 0.00000E+00
1450 G02 4.68608E+01 4.76139E+01 0.00000E+00 1.04846E+02 1.14569E+02 0.00000E+00 1.00000E+00 1.00000E+00 0.00000E+00 6.37171E+01 6.31442E+01 0.00000E+00 8.43100E+00 -0.00000E+00 0.00000E+00 4.00000E+02 4.00000E+02 0.00000E+00
1460 G02 4.76139E+01 4.92862E+01 0.00000E+00 1.14569E+02 1.20409E+02 0.00000E+00 1.00000E+00 1.00000E+00 0.00000E+00 6.31442E+01 2.42135E+01 0.00000E+00 -0.00000E+00 -3.77338E+00 0.00000E+00 4.00000E+02 4.00000E+02 0.00000E+00
1470 G02 4.92862E+01 5.25603E+01 0.00000E+00 1.20409E+02 1.24834E+02 0.00000E+00 1.00000E+00 1.00000E+00 0.00000E+00 2.42135E+01 1.10310E+01 0.00000E+00 -3.77338E+00 -4.73862E+00 0.00000E+00 4.00000E+02 4.00000E+02 0.00000E+00
1480 G02 5.25603E+01 5.60039E+01 0.00000E+00 1.24834E+02 1.26096E+02 0.00000E+00 1.00000E+00 1.00000E+00 0.00000E+00 1.10310E+01 3.44365E+00 0.00000E+00 -4.73862E+00 -4.06807E+00 0.00000E+00 4.00000E+02 4.00000E+02 0.00000E+00
1490 G02 5.60039E+01 5.77837E+01 0.00000E+00 1.26096E+02 1.25874E+02 0.00000E+00 1.00000E+00 1.00000E+00 0.00000E+00 3.44365E+00 -0.00000E+00 0.00000E+00 -4.06807E+00 -7.23434E+00 0.00000E+00 4.00000E+02 4.00000E+02 0.00000E+00
1500 G02 5.77837E+01 5.97380E+01 0.00000E+00 1.25874E+02 1.25148E+02 0.00000E+00 1.00000E+00 1.00000E+00 0.00000E+00 -0.00000E+00 -2.40395E+00 0.00000E+00 -7.23434E+00 -9.47109E+00 0.00000E+00 4.00000E+02 4.00000E+02 0.00000E+00
1510 G02 5.97380E+01 6.15368E+01 0.00000E+00 1.25148E+02 1.24054E+02 0.00000E+00 1.00000E+00 1.00000E+00 0.00000E+00 -2.40395E+00 -5.57230E+00 0.00000E+00 -9.47109E+00 -1.11820E+01 0.00000E+00 4.00000E+02 4.00000E+02 0.00000E+00
1520 G02 6.15368E+01 6.36290E+01 0.00000E+00 1.24054E+02 1.22305E+02 0.00000E+00 1.00000E+00 1.00000E+00 0.00000E+00 -5.57230E+00 -1.23599E+01 0.00000E+00 -1.11820E+01 -1.69144E+01 0.00000E+00 4.00000E+02 4.00000E+02 0.00000E+00
1530 G01 6.36290E+01 6.36290E+01 0.00000E+00 1.22305E+02 1.22305E+02 0.00000E+00 1.00000E+00 1.00000E+00 0.00000E+00 -1.23599E+01 0.00000E+00 0.00000E+00 -1.69144E+01 0.00000E+00 0.00000E+00 4.00000E+02 4.00000E+02 0.00000E+00
1540 G00 6.36290E+01 6.36290E+01 0.00000E+00 1.22305E+02 1.22305E+02 0.00000E+00 1.00000E+00 5.00000E+00 0.00000E+00 0.00000E+00 0.00000E+00 0.00000E+00 0.00000E+00 0.00000E+00 0.00000E+00 4.00000E+02 4.00000E+02 0.00000E+00
1550 G00 6.36290E+01 6.36290E+01 0.00000E+00 1.22305E+02 1.22305E+02 0.00000E+00 5.00000E+00 5.00000E+00 0.00000E+00 0.00000E+00 0.00000E+00 0.00000E+00 0.00000E+00 0.00000E+00 0.00000E+00 4.00000E+02 4.00000E+02 0.00000E+00
1560 G00 6.36290E+01 3.74734E+01 0.00000E+00 1.22305E+02 1.24749E+02 0.00000E+00 5.00000E+00 5.00000E+00 0.00000E+00 0.00000E+00 0.00000E+00 0.00000E+00 0.00000E+00 0.00000E+00 0.00000E+00 4.00000E+02 4.00000E+02 0.00000E+00
1570 G01 3.74734E+01 3.74734E+01 0.00000E+00 1.24749E+02 1.24749E+02 0.00000E+00 5.00000E+00 1.00000E+00 0.00000E+00 0.00000E+00 0.00000E+00 0.00000E+00 0.00000E+00 0.00000E+00 0.00000E+00 4.00000E+02 1.00000E+02 0.00000E+00
1580 G01 3.74734E+01 4.09981E+01 0.00000E+00 1.24749E+02 1.24749E+02 0.00000E+00 1.00000E+00 1.00000E+00 0.00000E+00 0.00000E+00 0.00000E+00 0.00000E+00 0.00000E+00 0.00000E+00 0.00000E+00 1.00000E+02 4.00000E+02 0.00000E+00
1590 G01 4.09981E+01 4.09981E+01 0.00000E+00 1.24749E+02 5.02742E+01 0.00000E+00 1.00000E+00 1.00000E+00 0.00000E+00 0.00000E+00 0.00000E+00 0.00000E+00 0.00000E+00 0.00000E+00 0.00000E+00 4.00000E+02 4.00000E+02 0.00000E+00
1600 G01 4.09981E+01 3.74734E+01 0.00000E+00 5.02742E+01 5.02742E+01 0.00000E+00 1.00000E+00 1.00000E+00 0.00000E+00 0.00000E+00 0.00000E+00 0.00000E+00 0.00000E+00 0.00000E+00 0.00000E+00 4.00000E+02 4.00000E+02 0.00000E+00
1610 G01 3.74734E+01 3.74734E+01 0.00000E+00 5.02742E+01 1.24749E+02 0.00000E+00 1.00000E+00 1.00000E+00 0.00000E+00 0.00000E+00 0.00000E+00 0.00000E+00 0.00000E+00 0.00000E+00 0.00000E+00 4.00000E+02 4.00000E+02 0.00000E+00
1620 G01 3.74734E+01 3.74734E+01 0.00000E+00 1.24749E+02 1.24749E+02 0.00000E+00 1.00000E+00 1.00000E+00 0.00000E+00 0.00000E+00 0.00000E+00 0.00000E+00 0.00000E+00 0.00000E+00 0.00000E+00 4.00000E+02 4.00000E+02 0.00000E+00
1630 G00 3.74734E+01 3.74734E+01 0.00000E+00 1.24749E+02 1.24749E+02 0.00000E+00 1.00000E+00 5.00000E+00 0.00000E+00 0.00000E+00 0.00000E+00 0.00000E+00 0.00000E+00 0.00000E+00 0.00000E+00 4.00000E+02 4.00000E+02 0.00000E+00
1640 G00 3.74734E+01 3.74734E+01 0.00000E+00 1.24749E+02 1.24749E+02 0.00000E+00 5.00000E+00 5.00000E+00 0.00000E+00 0.00000E+00 0.00000E+00 0.00000E+00 0.00000E+00 0.00000E+00 0.00000E+00 4.00000E+02 4.00000E+02 0.00000E+00
1650 G00 3.74734E+01 1.65001E+01 0.00000E+00 1.24749E+02 8.58406E+01 0.00000E+00 5.00000E+00 5.00000E+00 0.00000E+00 0.00000E+00 0.00000E+00 0.00000E+00 0.00000E+00 0.00000E+00 0.00000E+00 4.00000E+02 4.00000E+02 0.00000E+00
1660 G01 1.65001E+01 1.65001E+01 0.00000E+00 8.58406E+01 8.58406E+01 0.00000E+00 5.00000E+00 1.00000E+00 0.00000E+00 0.00000E+00 0.00000E+00 0.00000E+00 0.00000E+00 0.00000E+00 0.00000E+00 4.00000E+02 1.00000E+02 0.00000E+00
1670 G01 1.65001E+01 1.65001E+01 0.00000E+00 8.58406E+01 5.85548E+01 0.00000E+00 1.00000E+00 1.00000E+00 0.00000E+00 0.00000E+00 0.00000E+00 0.00000E+00 0.00000E+00 0.00000E+00 0.00000E+00 1.00000E+02 4.00000E+02 0.00000E+00
1680 G01 1.65001E+01 2.21534E+01 0.00000E+00 5.85548E+01 5.85548E+01 0.00000E+00 1.00000E+00 1.00000E+00 0.00000E+00 0.00000E+00 0.00000E+00 0.00000E+00 0.00000E+00 0.00000E+00 0.00000E+00 4.00000E+02 4.00000E+02 0.00000E+00
1690 G03 2.21534E+01 2.44569E+01 0.00000E+00 5.85548E+01 5.93587E+01 0.00000E+00 1.00000E+00 1.00000E+00 0.00000E+00 0.00000E+00 -0.00000E+00 0.00000E+00 0.00000E+00 3.70221E+00 0.00000E+00 4.00000E+02 4.00000E+02 0.00000E+00
1700 G03 2.44569E+01 2.63586E+01 0.00000E+00 5.93587E+01 6.18969E+01 0.00000E+00 1.00000E+00 1.00000E+00 0.00000E+00 -0.00000E+00 -3.89266E+00 0.00000E+00 3.70221E+00 4.89782E+00 0.00000E+00 4.00000E+02 4.00000E+02 0.00000E+00
1710 G03 2.63586E+01 2.72822E+01 0.00000E+00 6.18969E+01 6.53778E+01 0.00000E+00 1.00000E+00 1.00000E+00 0.00000E+00 -3.89266E+00 -1.32080E+01 0.00000E+00 4.89782E+00 5.36743E+00 0.00000E+00 4.00000E+02 4.00000E+02 0.00000E+00
1720 G03 2.72822E+01 2.77370E+01 0.00000E+00 6.53778E+01 7.22226E+01 0.00000E+00 1.00000E+00 1.00000E+00 0.00000E+00 -1.32080E+01 -5.12733E+01 0.00000E+00 5.36743E+00 6.84481E+00 0.00000E+00 4.00000E+02 4.00000E+02 0.00000E+00
1730 G03 2.77370E+01 2.72769E+01 0.00000E+00 7.22226E+01 7.91138E+01 0.00000E+00 1.00000E+00 1.00000E+00 0.00000E+00 -5.12733E+01 -5.18312E+01 0.00000E+00 6.84481E+00 0.00000E+00 0.00000E+00 4.00000E+02 4.00000E+02 0.00000E+00
1740 G03 2.72769E+01 2.63586E+01 0.00000E+00 7.91138E+01 8.24985E+01 0.00000E+00 1.00000E+00 1.00000E+00 0.00000E+00 -5.18312E+01 -1.32462E+01 0.00000E+00 0.00000E+00 -1.77691E+00 0.00000E+00 4.00000E+02 4.00000E+02 0.00000E+00
1750 G03 2.63586E+01 2.44569E+01 0.00000E+00 8.24985E+01 8.50367E+01 0.00000E+00 1.00000E+00 1.00000E+00 0.00000E+00 -1.32462E+01 -5.79430E+00 0.00000E+00 -1.77691E+00 -2.35958E+00 0.00000E+00 4.00000E+02 4.00000E+02 0.00000E+00
1760 G03 2.44569E+01 2.21534E+01 0.00000E+00 8.50367E+01 8.58406E+01 0.00000E+00 1.00000E+00 1.00000E+00 0.00000E+00 -5.79430E+00 -2.30351E+00 0.00000E+00 -2.35958E+00 -2.89831E+00 0.00000E+00 4.00000E+02 4.00000E+02 0.00000E+00
1770 G01 2.21534E+01 1.65001E+01 0.00000E+00 8.58406E+01 8.58406E+01 0.00000E+00 1.00000E+00 1.00000E+00 0.00000E+00 -2.30351E+00 0.00000E+00 0.00000E+00 -2.89831E+00 0.00000E+00 0.00000E+00 4.00000E+02 4.00000E+02 0.00000E+00
1780 G01 1.65001E+01 1.65001E+01 0.00000E+00 8.58406E+01 8.58406E+01 0.00000E+00 1.00000E+00 1.00000E+00 0.00000E+00 0.00000E+00 0.00000E+00 0.00000E+00 0.00000E+00 0.00000E+00 0.00000E+00 4.00000E+02 4.00000E+02 0.00000E+00
1790 G00 1.65001E+01 1.65001E+01 0.00000E+00 8.58406E+01 8.58406E+01 0.00000E+00 1.00000E+00 5.00000E+00 0.00000E+00 0.00000E+00 0.00000E+00 0.00000E+00 0.00000E+00 0.00000E+00 0.00000E+00 4.00000E+02 4.00000E+02 0.00000E+00
1800 G00 1.65001E+01 1.65001E+01 0.00000E+00 8.58406E+01 8.58406E+01 0.00000E+00 5.00000E+00 5.00000E+00 0.00000E+00 0.00000E+00 0.00000E+00 0.00000E+00 0.00000E+00 0.00000E+00 0.00000E+00 4.00000E+02 4.00000E+02 0.00000E+00
1810 G00 1.65001E+01 1.65001E+01 0.00000E+00 8.58406E+01 1.16469E+02 0.00000E+00 5.00000E+00 5.00000E+00 0.00000E+00 0.00000E+00 0.00000E+00 0.00000E+00 0.00000E+00 0.00000E+00 0.00000E+00 4.00000E+02 4.00000E+02 0.00000E+00
1820 G01 1.65001E+01 1.65001E+01 0.00000E+00 1.16469E+02 1.16469E+02 0.00000E+00 5.00000E+00 1.00000E+00 0.00000E+00 0.00000E+00 0.00000E+00 0.00000E+00 0.00000E+00 0.00000E+00 0.00000E+00 4.00000E+02 1.00000E+02 0.00000E+00
1830 G01 1.65001E+01 1.65001E+01 0.00000E+00 1.16469E+02 9.40214E+01 0.00000E+00 1.00000E+00 1.00000E+00 0.00000E+00 0.00000E+00 0.00000E+00 0.00000E+00 0.00000E+00 0.00000E+00 0.00000E+00 1.00000E+02 4.00000E+02 0.00000E+00
1840 G01 1.65001E+01 2.17172E+01 0.00000E+00 9.40214E+01 9.40214E+01 0.00000E+00 1.00000E+00 1.00000E+00 0.00000E+00 0.00000E+00 0.00000E+00 0.00000E+00 0.00000E+00 0.00000E+00 0.00000E+00 4.00000E+02 4.00000E+02 0.00000E+00
1850 G03 2.17172E+01 2.38588E+01 0.00000E+00 9.40214E+01 9.47081E+01 0.00000E+00 1.00000E+00 1.00000E+00 0.00000E+00 0.00000E+00 -0.00000E+00 0.00000E+00 0.00000E+00 3.68316E+00 0.00000E+00 4.00000E+02 4.00000E+02 0.00000E+00
1860 G03 2.38588E+01 2.55559E+01 0.00000E+00 9.47081E+01 9.67650E+01 0.00000E+00 1.00000E+00 1.00000E+00 0.00000E+00 -0.00000E+00 -3.01087E+00 0.00000E+00 3.68316E+00 4.21275E+00 0.00000E+00 4.00000E+02 4.00000E+02 0.00000E+00
1870 G03 2.55559E+01 2.64118E+01 0.00000E+00 9.67650E+01 9.96492E+01 0.00000E+00 1.00000E+00 1.00000E+00 0.00000E+00 -3.01087E+00 -9.85285E+00 0.00000E+00 4.21275E+00 4.49272E+00 0.00000E+00 4.00000E+02 4.00000E+02 0.00000E+00
1880 G03 2.64118E+01 2.68297E+01 0.00000E+00 9.96492E+01 1.05245E+02 0.00000E+00 1.00000E+00 1.00000E+00 0.00000E+00 -9.85285E+00 -3.72545E+01 0.00000E+00 4.49272E+00 5.59585E+00 0.00000E+00 4.00000E+02 4.00000E+02 0.00000E+00
1890 G03 2.68297E+01 2.64131E+01 0.00000E+00 1.05245E+02 1.10791E+02 0.00000E+00 1.00000E+00 1.00000E+00 0.00000E+00 -3.72545E+01 -3.71237E+01 0.00000E+00 5.59585E+00 0.00000E+00 0.00000E+00 4.00000E+02 4.00000E+02 0.00000E+00
1900 G03 2.64131E+01 2.55559E+01 0.00000E+00 1.10791E+02 1.13675E+02 0.00000E+00 1.00000E+00 1.00000E+00 0.00000E+00 -3.71237E+01 -1.07409E+01 0.00000E+00 0.00000E+00 -1.62289E+00 0.00000E+00 4.00000E+02 4.00000E+02 0.00000E+00
1910 G03 2.55559E+01 2.38507E+01 0.00000E+00 1.13675E+02 1.15775E+02 0.00000E+00 1.00000E+00 1.00000E+00 0.00000E+00 -1.07409E+01 -4.80565E+00 0.00000E+00 -1.62289E+00 -2.16128E+00 0.00000E+00 4.00000E+02 4.00000E+02 0.00000E+00
1920 G03 2.38507E+01 2.17172E+01 0.00000E+00 1.15775E+02 1.16469E+02 0.00000E+00 1.00000E+00 1.00000E+00 0.00000E+00 -4.80565E+00 -2.13350E+00 0.00000E+00 -2.16128E+00 -2.93184E+00 0.00000E+00 4.00000E+02 4.00000E+02 0.00000E+00
1930 G01 2.17172E+01 1.65001E+01 0.00000E+00 1.16469E+02 1.16469E+02 0.00000E+00 1.00000E+00 1.00000E+00 0.00000E+00 -2.13350E+00 0.00000E+00 0.00000E+00 -2.93184E+00 0.00000E+00 0.00000E+00 4.00000E+02 4.00000E+02 0.00000E+00
1940 G01 1.65001E+01 1.65001E+01 0.00000E+00 1.16469E+02 1.16469E+02 0.00000E+00 1.00000E+00 1.00000E+00 0.00000E+00 0.00000E+00 0.00000E+00 0.00000E+00 0.00000E+00 0.00000E+00 0.00000E+00 4.00000E+02 4.00000E+02 0.00000E+00
1950 G00 1.65001E+01 1.65001E+01 0.00000E+00 1.16469E+02 1.16469E+02 0.00000E+00 1.00000E+00 5.00000E+00 0.00000E+00 0.00000E+00 0.00000E+00 0.00000E+00 0.00000E+00 0.00000E+00 0.00000E+00 4.00000E+02 4.00000E+02 0.00000E+00
1960 G00 1.65001E+01 1.65001E+01 0.00000E+00 1.16469E+02 1.16469E+02 0.00000E+00 5.00000E+00 5.00000E+00 0.00000E+00 0.00000E+00 0.00000E+00 0.00000E+00 0.00000E+00 0.00000E+00 0.00000E+00 4.00000E+02 4.00000E+02 0.00000E+00
1970 G00 1.65001E+01 1.29754E+01 0.00000E+00 1.16469E+02 1.24749E+02 0.00000E+00 5.00000E+00 5.00000E+00 0.00000E+00 0.00000E+00 0.00000E+00 0.00000E+00 0.00000E+00 0.00000E+00 0.00000E+00 4.00000E+02 4.00000E+02 0.00000E+00
1980 G01 1.29754E+01 1.29754E+01 0.00000E+00 1.24749E+02 1.24749E+02 0.00000E+00 5.00000E+00 1.00000E+00 0.00000E+00 0.00000E+00 0.00000E+00 0.00000E+00 0.00000E+00 0.00000E+00 0.00000E+00 4.00000E+02 1.00000E+02 0.00000E+00
1990 G01 1.29754E+01 2.19790E+01 0.00000E+00 1.24749E+02 1.24749E+02 0.00000E+00 1.00000E+00 1.00000E+00 0.00000E+00 0.00000E+00 0.00000E+00 0.00000E+00 0.00000E+00 0.00000E+00 0.00000E+00 1.00000E+02 4.00000E+02 0.00000E+00
2000 G02 2.19790E+01 2.52849E+01 0.00000E+00 1.24749E+02 1.23623E+02 0.00000E+00 1.00000E+00 1.00000E+00 0.00000E+00 0.00000E+00 -0.00000E+00 0.00000E+00 0.00000E+00 -5.41473E+00 0.00000E+00 4.00000E+02 4.00000E+02 0.00000E+00
2010 G02 2.52849E+01 2.81907E+01 0.00000E+00 1.23623E+02 1.19960E+02 0.00000E+00 1.00000E+00 1.00000E+00 0.00000E+00 -0.00000E+00 -5.92357E+00 0.00000E+00 -5.41473E+00 -7.68379E+00 0.00000E+00 4.00000E+02 4.00000E+02 0.00000E+00
2020 G02 2.81907E+01 2.96811E+01 0.00000E+00 1.19960E+02 1.15022E+02 0.00000E+00 1.00000E+00 1.00000E+00 0.00000E+00 -5.92357E+00 -1.75325E+01 0.00000E+00 -7.68379E+00 -7.98537E+00 0.00000E+00 4.00000E+02 4.00000E+02 0.00000E+00
2030 G02 2.96811E+01 3.03718E+01 0.00000E+00 1.15022E+02 1.06342E+02 0.00000E+00 1.00000E+00 1.00000E+00 0.00000E+00 -1.75325E+01 -5.41911E+01 0.00000E+00 -7.98537E+00 -8.67937E+00 0.00000E+00 4.00000E+02 4.00000E+02 0.00000E+00
2040 G02 3.03718E+01 3.00242E+01 0.00000E+00 1.06342E+02 9.95557E+01 0.00000E+00 1.00000E+00 1.00000E+00 0.00000E+00 -5.41911E+01 -6.64363E+01 0.00000E+00 -8.67937E+00 -0.00000E+00 0.00000E+00 4.00000E+02 4.00000E+02 0.00000E+00
2050 G02 3.00242E+01 2.92551E+01 0.00000E+00 9.95557E+01 9.54680E+01 0.00000E+00 1.00000E+00 1.00000E+00 0.00000E+00 -6.64363E+01 -2.47582E+01 0.00000E+00 -0.00000E+00 2.54247E+00 0.00000E+00 4.00000E+02 4.00000E+02 0.00000E+00
2060 G02 2.92551E+01 2.76291E+01 0.00000E+00 9.54680E+01 9.18601E+01 0.00000E+00 1.00000E+00 1.00000E+00 0.00000E+00 -2.47582E+01 -1.24535E+01 0.00000E+00 2.54247E+00 3.44189E+00 0.00000E+00 4.00000E+02 4.00000E+02 0.00000E+00
2070 G02 2.76291E+01 2.59747E+01 0.00000E+00 9.18601E+01 9.04298E+01 0.00000E+00 1.00000E+00 1.00000E+00 0.00000E+00 -1.24535E+01 -3.30663E+00 0.00000E+00 3.44189E+00 2.15296E+00 0.00000E+00 4.00000E+02 4.00000E+02 0.00000E+00
2080 G02 2.59747E+01 2.79937E+01 0.00000E+00 9.04298E+01 8.83946E+01 0.00000E+00 1.00000E+00 1.00000E+00 0.00000E+00 -3.30663E+00 -3.17109E+00 0.00000E+00 2.15296E+00 -5.16486E+00 0.00000E+00 4.00000E+02 4.00000E+02 0.00000E+00
2090 G02 2.79937E+01 3.00054E+01 0.00000E+00 8.83946E+01 8.37456E+01 0.00000E+00 1.00000E+00 1.00000E+00 0.00000E+00 -3.17109E+00 -1.62052E+01 0.00000E+00 -5.16486E+00 -9.77178E+00 0.00000E+00 4.00000E+02 4.00000E+02 0.00000E+00
2100 G02 3.00054E+01 3.10234E+01 0.00000E+00 8.37456E+01 7.86468E+01 0.00000E+00 1.00000E+00 1.00000E+00 0.00000E+00 -1.62052E+01 -3.02002E+01 0.00000E+00 -9.77178E+00 -8.68120E+00 0.00000E+00 4.00000E+02 4.00000E+02 0.00000E+00
2110 G02 3.10234E+01 3.14536E+01 0.00000E+00 7.86468E+01 7.11252E+01 0.00000E+00 1.00000E+00 1.00000E+00 0.00000E+00 -3.02002E+01 -6.55448E+01 0.00000E+00 -8.68120E+00 -7.52158E+00 0.00000E+00 4.00000E+02 4.00000E+02 0.00000E+00
2120 G02 3.14536E+01 3.07021E+01 0.00000E+00 7.11252E+01 6.13055E+01 0.00000E+00 1.00000E+00 1.00000E+00 0.00000E+00 -6.55448E+01 -6.45345E+01 0.00000E+00 -7.52158E+00 -0.00000E+00 0.00000E+00 4.00000E+02 4.00000E+02 0.00000E+00
2130 G02 3.07021E+01 2.90806E+01 0.00000E+00 6.13055E+01 5.57115E+01 0.00000E+00 1.00000E+00 1.00000E+00 0.00000E+00 -6.45345E+01 -2.23083E+01 0.00000E+00 -0.00000E+00 3.43447E+00 0.00000E+00 4.00000E+02 4.00000E+02 0.00000E+00
2140 G02 2.90806E+01 2.58863E+01 0.00000E+00 5.57115E+01 5.15288E+01 0.00000E+00 1.00000E+00 1.00000E+00 0.00000E+00 -2.23083E+01 -1.01178E+01 0.00000E+00 3.43447E+00 4.41583E+00 0.00000E+00 4.00000E+02 4.00000E+02 0.00000E+00
2150 G02 2.58863E+01 2.23279E+01 0.00000E+00 5.15288E+01 5.02742E+01 0.00000E+00 1.00000E+00 1.00000E+00 0.00000E+00 -1.01178E+01 -3.55835E+00 0.00000E+00 4.41583E+00 4.41923E+00 0.00000E+00 4.00000E+02 4.00000E+02 0.00000E+00
2160 G01 2.23279E+01 1.29754E+01 0.00000E+00 5.02742E+01 5.02742E+01 0.00000E+00 1.00000E+00 1.00000E+00 0.00000E+00 -3.55835E+00 0.00000E+00 0.00000E+00 4.41923E+00 0.00000E+00 0.00000E+00 4.00000E+02 4.00000E+02 0.00000E+00
2170 G01 1.29754E+01 1.29754E+01 0.00000E+00 5.02742E+01 1.24749E+02 0.00000E+00 1.00000E+00 1.00000E+00 0.00000E+00 0.00000E+00 0.00000E+00 0.00000E+00 0.00000E+00 0.00000E+00 0.00000E+00 4.00000E+02 4.00000E+02 0.00000E+00
2180 G01 1.29754E+01 1.29754E+01 0.00000E+00 1.24749E+02 1.24749E+02 0.00000E+00 1.00000E+00 1.00000E+00 0.00000E+00 0.00000E+00 0.00000E+00 0.00000E+00 0.00000E+00 0.00000E+00 0.00000E+00 4.00000E+02 4.00000E+02 0.00000E+00
2190 G00 1.29754E+01 1.29754E+01 0.00000E+00 1.24749E+02 1.24749E+02 0.00000E+00 1.00000E+00 5.00000E+00 0.00000E+00 0.00000E+00 0.00000E+00 0.00000E+00 0.00000E+00 0.00000E+00 0.00000E+00 4.00000E+02 4.00000E+02 0.00000E+00
2210 G00 1.29754E+01 0.00000E+00 0.00000E+00 1.24749E+02 0.00000E+00 0.00000E+00 5.00000E+00 5.00000E+00 0.00000E+00 0.00000E+00 0.00000E+00 0.00000E+00 0.00000E+00 0.00000E+00 0.00000E+00 4.00000E+02 4.00000E+02 0.00000E+00
