110 G00  0.00000E+00  0.00000E+00  0.00000E+00  0.00000E+00  0.00000E+00  0.00000E+00  0.00000E+00  5.00000E+00  5.00000E+00  0.00000E+00  0.00000E+00  0.00000E+00  0.00000E+00  0.00000E+00  0.00000E+00  0.00000E+00  0.00000E+00  0.00000E+00
120 G00  0.00000E+00  1.77133E+02  1.77133E+02  0.00000E+00  1.24749E+02  1.24749E+02  5.00000E+00  5.00000E+00  0.00000E+00  0.00000E+00  0.00000E+00  0.00000E+00  0.00000E+00  0.00000E+00  0.00000E+00  0.00000E+00  0.00000E+00  0.00000E+00
130 G01  1.77133E+02  1.77133E+02  0.00000E+00  1.24749E+02  1.24749E+02  0.00000E+00  5.00000E+00  1.00000E+00 -4.00000E+00  0.00000E+00  0.00000E+00  0.00000E+00  0.00000E+00  0.00000E+00  0.00000E+00  0.00000E+00  1.00000E+02  1.00000E+02
140 G01  1.77133E+02  1.80658E+02  3.52501E+00  1.24749E+02  1.24749E+02  0.00000E+00  1.00000E+00  1.00000E+00  0.00000E+00  0.00000E+00  0.00000E+00  0.00000E+00  0.00000E+00  0.00000E+00  0.00000E+00  1.00000E+02  4.00000E+02  3.00000E+02
150 G01  1.80658E+02  1.80658E+02  0.00000E+00  1.24749E+02  9.42209E+01 -3.05281E+01  1.00000E+00  1.00000E+00  0.00000E+00  0.00000E+00  0.00000E+00  0.00000E+00  0.00000E+00  0.00000E+00  0.00000E+00  4.00000E+02  4.00000E+02  0.00000E+00
160 G01  1.80658E+02  1.93465E+02  1.28070E+01  9.42209E+01  9.42209E+01  0.00000E+00  1.00000E+00  1.00000E+00  0.00000E+00  0.00000E+00  0.00000E+00  0.00000E+00  0.00000E+00  0.00000E+00  0.00000E+00  4.00000E+02  4.00000E+02  0.00000E+00
170 G01  1.93465E+02  1.93465E+02  0.00000E+00  9.42209E+01  1.24749E+02  3.05281E+01  1.00000E+00  1.00000E+00  0.00000E+00  0.00000E+00  0.00000E+00  0.00000E+00  0.00000E+00  0.00000E+00  0.00000E+00  4.00000E+02  4.00000E+02  0.00000E+00
180 G01  1.93465E+02  1.96990E+02  3.52501E+00  1.24749E+02  1.24749E+02  0.00000E+00  1.00000E+00  1.00000E+00  0.00000E+00  0.00000E+00  0.00000E+00  0.00000E+00  0.00000E+00  0.00000E+00  0.00000E+00  4.00000E+02  4.00000E+02  0.00000E+00
190 G01  1.96990E+02  1.96990E+02  0.00000E+00  1.24749E+02  5.02742E+01 -7.44748E+01  1.00000E+00  1.00000E+00  0.00000E+00  0.00000E+00  0.00000E+00  0.00000E+00  0.00000E+00  0.00000E+00  0.00000E+00  4.00000E+02  4.00000E+02  0.00000E+00
200 G01  1.96990E+02  1.93465E+02 -3.52501E+00  5.02742E+01  5.02742E+01  0.00000E+00  1.00000E+00  1.00000E+00  0.00000E+00  0.00000E+00  0.00000E+00  0.00000E+00  0.00000E+00  0.00000E+00  0.00000E+00  4.00000E+02  4.00000E+02  0.00000E+00
210 G01  1.93465E+02  1.93465E+02  0.00000E+00  5.02742E+01  8.57409E+01  3.54667E+01  1.00000E+00  1.00000E+00  0.00000E+00  0.00000E+00  0.00000E+00  0.00000E+00  0.00000E+00  0.00000E+00  0.00000E+00  4.00000E+02  4.00000E+02  0.00000E+00
220 G01  1.93465E+02  1.80658E+02 -1.28070E+01  8.57409E+01  8.57409E+01  0.00000E+00  1.00000E+00  1.00000E+00  0.00000E+00  0.00000E+00  0.00000E+00  0.00000E+00  0.00000E+00  0.00000E+00  0.00000E+00  4.00000E+02  4.00000E+02  0.00000E+00
230 G01  1.80658E+02  1.80658E+02  0.00000E+00  8.57409E+01  5.02742E+01 -3.54667E+01  1.00000E+00  1.00000E+00  0.00000E+00  0.00000E+00  0.00000E+00  0.00000E+00  0.00000E+00  0.00000E+00  0.00000E+00  4.00000E+02  4.00000E+02  0.00000E+00
240 G01  1.80658E+02  1.77133E+02 -3.52501E+00  5.02742E+01  5.02742E+01  0.00000E+00  1.00000E+00  1.00000E+00  0.00000E+00  0.00000E+00  0.00000E+00  0.00000E+00  0.00000E+00  0.00000E+00  0.00000E+00  4.00000E+02  4.00000E+02  0.00000E+00
250 G01  1.77133E+02  1.77133E+02  0.00000E+00  5.02742E+01  1.24749E+02  7.44748E+01  1.00000E+00  1.00000E+00  0.00000E+00  0.00000E+00  0.00000E+00  0.00000E+00  0.00000E+00  0.00000E+00  0.00000E+00  4.00000E+02  4.00000E+02  0.00000E+00
260 G01  1.77133E+02  1.77133E+02  0.00000E+00  1.24749E+02  1.24749E+02  0.00000E+00  1.00000E+00  1.00000E+00  0.00000E+00  0.00000E+00  0.00000E+00  0.00000E+00  0.00000E+00  0.00000E+00  0.00000E+00  4.00000E+02  4.00000E+02  0.00000E+00
270 G00  1.77133E+02  1.77133E+02  0.00000E+00  1.24749E+02  1.24749E+02  0.00000E+00  1.00000E+00  5.00000E+00  4.00000E+00  0.00000E+00  0.00000E+00  0.00000E+00  0.00000E+00  0.00000E+00  0.00000E+00  4.00000E+02  4.00000E+02  0.00000E+00
280 G00  1.77133E+02  1.77133E+02  0.00000E+00  1.24749E+02  1.24749E+02  0.00000E+00  5.00000E+00  5.00000E+00  0.00000E+00  0.00000E+00  0.00000E+00  0.00000E+00  0.00000E+00  0.00000E+00  0.00000E+00  4.00000E+02  4.00000E+02  0.00000E+00
290 G00  1.77133E+02  1.61412E+02 -1.57210E+01  1.24749E+02  1.14823E+02 -9.92600E+00  5.00000E+00  5.00000E+00  0.00000E+00  0.00000E+00  0.00000E+00  0.00000E+00  0.00000E+00  0.00000E+00  0.00000E+00  4.00000E+02  4.00000E+02  0.00000E+00
300 G01  1.61412E+02  1.61412E+02  0.00000E+00  1.14823E+02  1.14823E+02  0.00000E+00  5.00000E+00  1.00000E+00 -4.00000E+00  0.00000E+00  0.00000E+00  0.00000E+00  0.00000E+00  0.00000E+00  0.00000E+00  4.00000E+02  1.00000E+02 -3.00000E+02
310 G01  1.61412E+02  1.56631E+02 -4.78101E+00  1.14823E+02  7.77596E+01 -3.70634E+01  1.00000E+00  1.00000E+00  0.00000E+00  0.00000E+00  0.00000E+00  0.00000E+00  0.00000E+00  0.00000E+00  0.00000E+00  1.00000E+02  4.00000E+02  3.00000E+02
320 G01  1.56631E+02  1.66210E+02  9.57901E+00  7.77596E+01  7.77596E+01  0.00000E+00  1.00000E+00  1.00000E+00  0.00000E+00  0.00000E+00  0.00000E+00  0.00000E+00  0.00000E+00  0.00000E+00  0.00000E+00  4.00000E+02  4.00000E+02  0.00000E+00
330 G01  1.66210E+02  1.61412E+02 -4.79800E+00  7.77596E+01  1.14823E+02  3.70634E+01  1.00000E+00  1.00000E+00  0.00000E+00  0.00000E+00  0.00000E+00  0.00000E+00  0.00000E+00  0.00000E+00  0.00000E+00  4.00000E+02  4.00000E+02  0.00000E+00
340 G01  1.61412E+02  1.61412E+02  0.00000E+00  1.14823E+02  1.14823E+02  0.00000E+00  1.00000E+00  1.00000E+00  0.00000E+00  0.00000E+00  0.00000E+00  0.00000E+00  0.00000E+00  0.00000E+00  0.00000E+00  4.00000E+02  4.00000E+02  0.00000E+00
350 G00  1.61412E+02  1.61412E+02  0.00000E+00  1.14823E+02  1.14823E+02  0.00000E+00  1.00000E+00  5.00000E+00  4.00000E+00  0.00000E+00  0.00000E+00  0.00000E+00  0.00000E+00  0.00000E+00  0.00000E+00  4.00000E+02  4.00000E+02  0.00000E+00
360 G00  1.61412E+02  1.61412E+02  0.00000E+00  1.14823E+02  1.14823E+02  0.00000E+00  5.00000E+00  5.00000E+00  0.00000E+00  0.00000E+00  0.00000E+00  0.00000E+00  0.00000E+00  0.00000E+00  0.00000E+00  4.00000E+02  4.00000E+02  0.00000E+00
370 G00  1.61412E+02  1.59422E+02 -1.99001E+00  1.14823E+02  1.24749E+02  9.92600E+00  5.00000E+00  5.00000E+00  0.00000E+00  0.00000E+00  0.00000E+00  0.00000E+00  0.00000E+00  0.00000E+00  0.00000E+00  4.00000E+02  4.00000E+02  0.00000E+00
380 G01  1.59422E+02  1.59422E+02  0.00000E+00  1.24749E+02  1.24749E+02  0.00000E+00  5.00000E+00  1.00000E+00 -4.00000E+00  0.00000E+00  0.00000E+00  0.00000E+00  0.00000E+00  0.00000E+00  0.00000E+00  4.00000E+02  1.00000E+02 -3.00000E+02
390 G01  1.59422E+02  1.63418E+02  3.99600E+00  1.24749E+02  1.24749E+02  0.00000E+00  1.00000E+00  1.00000E+00  0.00000E+00  0.00000E+00  0.00000E+00  0.00000E+00  0.00000E+00  0.00000E+00  0.00000E+00  1.00000E+02  4.00000E+02  3.00000E+02
400 G01  1.63418E+02  1.73347E+02  9.92900E+00  1.24749E+02  5.02742E+01 -7.44748E+01  1.00000E+00  1.00000E+00  0.00000E+00  0.00000E+00  0.00000E+00  0.00000E+00  0.00000E+00  0.00000E+00  0.00000E+00  4.00000E+02  4.00000E+02  0.00000E+00
410 G01  1.73347E+02  1.69682E+02 -3.66499E+00  5.02742E+01  5.02742E+01  0.00000E+00  1.00000E+00  1.00000E+00  0.00000E+00  0.00000E+00  0.00000E+00  0.00000E+00  0.00000E+00  0.00000E+00  0.00000E+00  4.00000E+02  4.00000E+02  0.00000E+00
420 G01  1.69682E+02  1.67309E+02 -2.37300E+00  5.02742E+01  6.93793E+01  1.91051E+01  1.00000E+00  1.00000E+00  0.00000E+00  0.00000E+00  0.00000E+00  0.00000E+00  0.00000E+00  0.00000E+00  0.00000E+00  4.00000E+02  4.00000E+02  0.00000E+00
430 G01  1.67309E+02  1.55566E+02 -1.17430E+01  6.93793E+01  6.93793E+01  0.00000E+00  1.00000E+00  1.00000E+00  0.00000E+00  0.00000E+00  0.00000E+00  0.00000E+00  0.00000E+00  0.00000E+00  0.00000E+00  4.00000E+02  4.00000E+02  0.00000E+00
440 G01  1.55566E+02  1.53193E+02 -2.37300E+00  6.93793E+01  5.02742E+01 -1.91051E+01  1.00000E+00  1.00000E+00  0.00000E+00  0.00000E+00  0.00000E+00  0.00000E+00  0.00000E+00  0.00000E+00  0.00000E+00  4.00000E+02  4.00000E+02  0.00000E+00
450 G01  1.53193E+02  1.49477E+02 -3.71599E+00  5.02742E+01  5.02742E+01  0.00000E+00  1.00000E+00  1.00000E+00  0.00000E+00  0.00000E+00  0.00000E+00  0.00000E+00  0.00000E+00  0.00000E+00  0.00000E+00  4.00000E+02  4.00000E+02  0.00000E+00
460 G01  1.49477E+02  1.59422E+02  9.94499E+00  5.02742E+01  1.24749E+02  7.44748E+01  1.00000E+00  1.00000E+00  0.00000E+00  0.00000E+00  0.00000E+00  0.00000E+00  0.00000E+00  0.00000E+00  0.00000E+00  4.00000E+02  4.00000E+02  0.00000E+00
470 G01  1.59422E+02  1.59422E+02  0.00000E+00  1.24749E+02  1.24749E+02  0.00000E+00  1.00000E+00  1.00000E+00  0.00000E+00  0.00000E+00  0.00000E+00  0.00000E+00  0.00000E+00  0.00000E+00  0.00000E+00  4.00000E+02  4.00000E+02  0.00000E+00
480 G00  1.59422E+02  1.59422E+02  0.00000E+00  1.24749E+02  1.24749E+02  0.00000E+00  1.00000E+00  5.00000E+00  4.00000E+00  0.00000E+00  0.00000E+00  0.00000E+00  0.00000E+00  0.00000E+00  0.00000E+00  4.00000E+02  4.00000E+02  0.00000E+00
490 G00  1.59422E+02  1.59422E+02  0.00000E+00  1.24749E+02  1.24749E+02  0.00000E+00  5.00000E+00  5.00000E+00  0.00000E+00  0.00000E+00  0.00000E+00  0.00000E+00  0.00000E+00  0.00000E+00  0.00000E+00  4.00000E+02  4.00000E+02  0.00000E+00
500 G00  1.59422E+02  1.31976E+02 -2.74460E+01  1.24749E+02  1.24749E+02  0.00000E+00  5.00000E+00  5.00000E+00  0.00000E+00  0.00000E+00  0.00000E+00  0.00000E+00  0.00000E+00  0.00000E+00  0.00000E+00  4.00000E+02  4.00000E+02  0.00000E+00
510 G01  1.31976E+02  1.31976E+02  0.00000E+00  1.24749E+02  1.24749E+02  0.00000E+00  5.00000E+00  1.00000E+00 -4.00000E+00  0.00000E+00  0.00000E+00  0.00000E+00  0.00000E+00  0.00000E+00  0.00000E+00  4.00000E+02  1.00000E+02 -3.00000E+02
520 G01  1.31976E+02  1.35500E+02  3.52400E+00  1.24749E+02  1.24749E+02  0.00000E+00  1.00000E+00  1.00000E+00  0.00000E+00  0.00000E+00  0.00000E+00  0.00000E+00  0.00000E+00  0.00000E+00  0.00000E+00  1.00000E+02  4.00000E+02  3.00000E+02
530 G01  1.35500E+02  1.35500E+02  0.00000E+00  1.24749E+02  5.87543E+01 -6.59947E+01  1.00000E+00  1.00000E+00  0.00000E+00  0.00000E+00  0.00000E+00  0.00000E+00  0.00000E+00  0.00000E+00  0.00000E+00  4.00000E+02  4.00000E+02  0.00000E+00
540 G01  1.35500E+02  1.48186E+02  1.26860E+01  5.87543E+01  5.87543E+01  0.00000E+00  1.00000E+00  1.00000E+00  0.00000E+00  0.00000E+00  0.00000E+00  0.00000E+00  0.00000E+00  0.00000E+00  0.00000E+00  4.00000E+02  4.00000E+02  0.00000E+00
550 G01  1.48186E+02  1.48186E+02  0.00000E+00  5.87543E+01  5.02742E+01 -8.48010E+00  1.00000E+00  1.00000E+00  0.00000E+00  0.00000E+00  0.00000E+00  0.00000E+00  0.00000E+00  0.00000E+00  0.00000E+00  4.00000E+02  4.00000E+02  0.00000E+00
560 G01  1.48186E+02  1.31976E+02 -1.62100E+01  5.02742E+01  5.02742E+01  0.00000E+00  1.00000E+00  1.00000E+00  0.00000E+00  0.00000E+00  0.00000E+00  0.00000E+00  0.00000E+00  0.00000E+00  0.00000E+00  4.00000E+02  4.00000E+02  0.00000E+00
570 G01  1.31976E+02  1.31976E+02  0.00000E+00  5.02742E+01  1.24749E+02  7.44748E+01  1.00000E+00  1.00000E+00  0.00000E+00  0.00000E+00  0.00000E+00  0.00000E+00  0.00000E+00  0.00000E+00  0.00000E+00  4.00000E+02  4.00000E+02  0.00000E+00
580 G01  1.31976E+02  1.31976E+02  0.00000E+00  1.24749E+02  1.24749E+02  0.00000E+00  1.00000E+00  1.00000E+00  0.00000E+00  0.00000E+00  0.00000E+00  0.00000E+00  0.00000E+00  0.00000E+00  0.00000E+00  4.00000E+02  4.00000E+02  0.00000E+00
590 G00  1.31976E+02  1.31976E+02  0.00000E+00  1.24749E+02  1.24749E+02  0.00000E+00  1.00000E+00  5.00000E+00  4.00000E+00  0.00000E+00  0.00000E+00  0.00000E+00  0.00000E+00  0.00000E+00  0.00000E+00  4.00000E+02  4.00000E+02  0.00000E+00
600 G00  1.31976E+02  1.31976E+02  0.00000E+00  1.24749E+02  1.24749E+02  0.00000E+00  5.00000E+00  5.00000E+00  0.00000E+00  0.00000E+00  0.00000E+00  0.00000E+00  0.00000E+00  0.00000E+00  0.00000E+00  4.00000E+02  4.00000E+02  0.00000E+00
610 G00  1.31976E+02  1.12084E+02 -1.98920E+01  1.24749E+02  1.24749E+02  0.00000E+00  5.00000E+00  5.00000E+00  0.00000E+00  0.00000E+00  0.00000E+00  0.00000E+00  0.00000E+00  0.00000E+00  0.00000E+00  4.00000E+02  4.00000E+02  0.00000E+00
620 G01  1.12084E+02  1.12084E+02  0.00000E+00  1.24749E+02  1.24749E+02  0.00000E+00  5.00000E+00  1.00000E+00 -4.00000E+00  0.00000E+00  0.00000E+00  0.00000E+00  0.00000E+00  0.00000E+00  0.00000E+00  4.00000E+02  1.00000E+02 -3.00000E+02
630 G01  1.12084E+02  1.15609E+02  3.52500E+00  1.24749E+02  1.24749E+02  0.00000E+00  1.00000E+00  1.00000E+00  0.00000E+00  0.00000E+00  0.00000E+00  0.00000E+00  0.00000E+00  0.00000E+00  0.00000E+00  1.00000E+02  4.00000E+02  3.00000E+02
640 G01  1.15609E+02  1.15609E+02  0.00000E+00  1.24749E+02  5.87543E+01 -6.59947E+01  1.00000E+00  1.00000E+00  0.00000E+00  0.00000E+00  0.00000E+00  0.00000E+00  0.00000E+00  0.00000E+00  0.00000E+00  4.00000E+02  4.00000E+02  0.00000E+00
650 G01  1.15609E+02  1.28294E+02  1.26850E+01  5.87543E+01  5.87543E+01  0.00000E+00  1.00000E+00  1.00000E+00  0.00000E+00  0.00000E+00  0.00000E+00  0.00000E+00  0.00000E+00  0.00000E+00  0.00000E+00  4.00000E+02  4.00000E+02  0.00000E+00
660 G01  1.28294E+02  1.28294E+02  0.00000E+00  5.87543E+01  5.02742E+01 -8.48010E+00  1.00000E+00  1.00000E+00  0.00000E+00  0.00000E+00  0.00000E+00  0.00000E+00  0.00000E+00  0.00000E+00  0.00000E+00  4.00000E+02  4.00000E+02  0.00000E+00
670 G01  1.28294E+02  1.12084E+02 -1.62100E+01  5.02742E+01  5.02742E+01  0.00000E+00  1.00000E+00  1.00000E+00  0.00000E+00  0.00000E+00  0.00000E+00  0.00000E+00  0.00000E+00  0.00000E+00  0.00000E+00  4.00000E+02  4.00000E+02  0.00000E+00
680 G01  1.12084E+02  1.12084E+02  0.00000E+00  5.02742E+01  1.24749E+02  7.44748E+01  1.00000E+00  1.00000E+00  0.00000E+00  0.00000E+00  0.00000E+00  0.00000E+00  0.00000E+00  0.00000E+00  0.00000E+00  4.00000E+02  4.00000E+02  0.00000E+00
690 G01  1.12084E+02  1.12084E+02  0.00000E+00  1.24749E+02  1.24749E+02  0.00000E+00  1.00000E+00  1.00000E+00  0.00000E+00  0.00000E+00  0.00000E+00  0.00000E+00  0.00000E+00  0.00000E+00  0.00000E+00  4.00000E+02  4.00000E+02  0.00000E+00
700 G00  1.12084E+02  1.12084E+02  0.00000E+00  1.24749E+02  1.24749E+02  0.00000E+00  1.00000E+00  5.00000E+00  4.00000E+00  0.00000E+00  0.00000E+00  0.00000E+00  0.00000E+00  0.00000E+00  0.00000E+00  4.00000E+02  4.00000E+02  0.00000E+00
710 G00  1.12084E+02  1.12084E+02  0.00000E+00  1.24749E+02  1.24749E+02  0.00000E+00  5.00000E+00  5.00000E+00  0.00000E+00  0.00000E+00  0.00000E+00  0.00000E+00  0.00000E+00  0.00000E+00  0.00000E+00  4.00000E+02  4.00000E+02  0.00000E+00
720 G00  1.12084E+02  1.01545E+02 -1.05390E+01  1.24749E+02  1.24749E+02  0.00000E+00  5.00000E+00  5.00000E+00  0.00000E+00  0.00000E+00  0.00000E+00  0.00000E+00  0.00000E+00  0.00000E+00  0.00000E+00  4.00000E+02  4.00000E+02  0.00000E+00
730 G01  1.01545E+02  1.01545E+02  0.00000E+00  1.24749E+02  1.24749E+02  0.00000E+00  5.00000E+00  1.00000E+00 -4.00000E+00  0.00000E+00  0.00000E+00  0.00000E+00  0.00000E+00  0.00000E+00  0.00000E+00  4.00000E+02  1.00000E+02 -3.00000E+02
740 G01  1.01545E+02  1.05070E+02  3.52500E+00  1.24749E+02  1.24749E+02  0.00000E+00  1.00000E+00  1.00000E+00  0.00000E+00  0.00000E+00  0.00000E+00  0.00000E+00  0.00000E+00  0.00000E+00  0.00000E+00  1.00000E+02  4.00000E+02  3.00000E+02
750 G01  1.05070E+02  1.05070E+02  0.00000E+00  1.24749E+02  5.02742E+01 -7.44748E+01  1.00000E+00  1.00000E+00  0.00000E+00  0.00000E+00  0.00000E+00  0.00000E+00  0.00000E+00  0.00000E+00  0.00000E+00  4.00000E+02  4.00000E+02  0.00000E+00
760 G01  1.05070E+02  1.01545E+02 -3.52500E+00  5.02742E+01  5.02742E+01  0.00000E+00  1.00000E+00  1.00000E+00  0.00000E+00  0.00000E+00  0.00000E+00  0.00000E+00  0.00000E+00  0.00000E+00  0.00000E+00  4.00000E+02  4.00000E+02  0.00000E+00
770 G01  1.01545E+02  1.01545E+02  0.00000E+00  5.02742E+01  1.24749E+02  7.44748E+01  1.00000E+00  1.00000E+00  0.00000E+00  0.00000E+00  0.00000E+00  0.00000E+00  0.00000E+00  0.00000E+00  0.00000E+00  4.00000E+02  4.00000E+02  0.00000E+00
780 G01  1.01545E+02  1.01545E+02  0.00000E+00  1.24749E+02  1.24749E+02  0.00000E+00  1.00000E+00  1.00000E+00  0.00000E+00  0.00000E+00  0.00000E+00  0.00000E+00  0.00000E+00  0.00000E+00  0.00000E+00  4.00000E+02  4.00000E+02  0.00000E+00
790 G00  1.01545E+02  1.01545E+02  0.00000E+00  1.24749E+02  1.24749E+02  0.00000E+00  1.00000E+00  5.00000E+00  4.00000E+00  0.00000E+00  0.00000E+00  0.00000E+00  0.00000E+00  0.00000E+00  0.00000E+00  4.00000E+02  4.00000E+02  0.00000E+00
800 G00  1.01545E+02  1.01545E+02  0.00000E+00  1.24749E+02  1.24749E+02  0.00000E+00  5.00000E+00  5.00000E+00  0.00000E+00  0.00000E+00  0.00000E+00  0.00000E+00  0.00000E+00  0.00000E+00  0.00000E+00  4.00000E+02  4.00000E+02  0.00000E+00
810 G00  1.01545E+02  7.06958E+01 -3.08492E+01  1.24749E+02  1.24749E+02  0.00000E+00  5.00000E+00  5.00000E+00  0.00000E+00  0.00000E+00  0.00000E+00  0.00000E+00  0.00000E+00  0.00000E+00  0.00000E+00  4.00000E+02  4.00000E+02  0.00000E+00
820 G01  7.06958E+01  7.06958E+01  0.00000E+00  1.24749E+02  1.24749E+02  0.00000E+00  5.00000E+00  1.00000E+00 -4.00000E+00  0.00000E+00  0.00000E+00  0.00000E+00  0.00000E+00  0.00000E+00  0.00000E+00  4.00000E+02  1.00000E+02 -3.00000E+02
830 G01  7.06958E+01  7.59478E+01  5.25200E+00  1.24749E+02  1.24749E+02  0.00000E+00  1.00000E+00  1.00000E+00  0.00000E+00  0.00000E+00  0.00000E+00  0.00000E+00  0.00000E+00  0.00000E+00  0.00000E+00  1.00000E+02  4.00000E+02  3.00000E+02
840 G01  7.59478E+01  8.25958E+01  6.64800E+00  1.24749E+02  7.40683E+01 -5.06807E+01  1.00000E+00  1.00000E+00  0.00000E+00  0.00000E+00  0.00000E+00  0.00000E+00  0.00000E+00  0.00000E+00  0.00000E+00  4.00000E+02  4.00000E+02  0.00000E+00
850 G01  8.25958E+01  8.92786E+01  6.68280E+00  7.40683E+01  1.24749E+02  5.06807E+01  1.00000E+00  1.00000E+00  0.00000E+00  0.00000E+00  0.00000E+00  0.00000E+00  0.00000E+00  0.00000E+00  0.00000E+00  4.00000E+02  4.00000E+02  0.00000E+00
860 G01  8.92786E+01  9.45307E+01  5.25210E+00  1.24749E+02  1.24749E+02  0.00000E+00  1.00000E+00  1.00000E+00  0.00000E+00  0.00000E+00  0.00000E+00  0.00000E+00  0.00000E+00  0.00000E+00  0.00000E+00  4.00000E+02  4.00000E+02  0.00000E+00
870 G01  9.45307E+01  9.45307E+01  0.00000E+00  1.24749E+02  5.02742E+01 -7.44748E+01  1.00000E+00  1.00000E+00  0.00000E+00  0.00000E+00  0.00000E+00  0.00000E+00  0.00000E+00  0.00000E+00  0.00000E+00  4.00000E+02  4.00000E+02  0.00000E+00
880 G01  9.45307E+01  9.10933E+01 -3.43740E+00  5.02742E+01  5.02742E+01  0.00000E+00  1.00000E+00  1.00000E+00  0.00000E+00  0.00000E+00  0.00000E+00  0.00000E+00  0.00000E+00  0.00000E+00  0.00000E+00  4.00000E+02  4.00000E+02  0.00000E+00
890 G01  9.10933E+01  9.10933E+01  0.00000E+00  5.02742E+01  1.15671E+02  6.53968E+01  1.00000E+00  1.00000E+00  0.00000E+00  0.00000E+00  0.00000E+00  0.00000E+00  0.00000E+00  0.00000E+00  0.00000E+00  4.00000E+02  4.00000E+02  0.00000E+00
900 G01  9.10933E+01  8.43756E+01 -6.71770E+00  1.15671E+02  6.45906E+01 -5.10804E+01  1.00000E+00  1.00000E+00  0.00000E+00  0.00000E+00  0.00000E+00  0.00000E+00  0.00000E+00  0.00000E+00  0.00000E+00  4.00000E+02  4.00000E+02  0.00000E+00
910 G01  8.43756E+01  8.08335E+01 -3.54210E+00  6.45906E+01  6.45906E+01  0.00000E+00  1.00000E+00  1.00000E+00  0.00000E+00  0.00000E+00  0.00000E+00  0.00000E+00  0.00000E+00  0.00000E+00  0.00000E+00  4.00000E+02  4.00000E+02  0.00000E+00
920 G01  8.08335E+01  7.41157E+01 -6.71780E+00  6.45906E+01  1.15671E+02  5.10804E+01  1.00000E+00  1.00000E+00  0.00000E+00  0.00000E+00  0.00000E+00  0.00000E+00  0.00000E+00  0.00000E+00  0.00000E+00  4.00000E+02  4.00000E+02  0.00000E+00
930 G01  7.41157E+01  7.41157E+01  0.00000E+00  1.15671E+02  5.02742E+01 -6.53968E+01  1.00000E+00  1.00000E+00  0.00000E+00  0.00000E+00  0.00000E+00  0.00000E+00  0.00000E+00  0.00000E+00  0.00000E+00  4.00000E+02  4.00000E+02  0.00000E+00
940 G01  7.41157E+01  7.06958E+01 -3.41990E+00  5.02742E+01  5.02742E+01  0.00000E+00  1.00000E+00  1.00000E+00  0.00000E+00  0.00000E+00  0.00000E+00  0.00000E+00  0.00000E+00  0.00000E+00  0.00000E+00  4.00000E+02  4.00000E+02  0.00000E+00
950 G01  7.06958E+01  7.06958E+01  0.00000E+00  5.02742E+01  1.24749E+02  7.44748E+01  1.00000E+00  1.00000E+00  0.00000E+00  0.00000E+00  0.00000E+00  0.00000E+00  0.00000E+00  0.00000E+00  0.00000E+00  4.00000E+02  4.00000E+02  0.00000E+00
960 G01  7.06958E+01  7.06958E+01  0.00000E+00  1.24749E+02  1.24749E+02  0.00000E+00  1.00000E+00  1.00000E+00  0.00000E+00  0.00000E+00  0.00000E+00  0.00000E+00  0.00000E+00  0.00000E+00  0.00000E+00  4.00000E+02  4.00000E+02  0.00000E+00
970 G00  7.06958E+01  7.06958E+01  0.00000E+00  1.24749E+02  1.24749E+02  0.00000E+00  1.00000E+00  5.00000E+00  4.00000E+00  0.00000E+00  0.00000E+00  0.00000E+00  0.00000E+00  0.00000E+00  0.00000E+00  4.00000E+02  4.00000E+02  0.00000E+00
980 G00  7.06958E+01  7.06958E+01  0.00000E+00  1.24749E+02  1.24749E+02  0.00000E+00  5.00000E+00  5.00000E+00  0.00000E+00  0.00000E+00  0.00000E+00  0.00000E+00  0.00000E+00  0.00000E+00  0.00000E+00  4.00000E+02  4.00000E+02  0.00000E+00
990 G00  7.06958E+01  6.36290E+01 -7.06680E+00  1.24749E+02  1.22305E+02 -2.44400E+00  5.00000E+00  5.00000E+00  0.00000E+00  0.00000E+00  0.00000E+00  0.00000E+00  0.00000E+00  0.00000E+00  0.00000E+00  4.00000E+02  4.00000E+02  0.00000E+00
1000 G01  6.36290E+01  6.36290E+01  0.00000E+00  1.22305E+02  1.22305E+02  0.00000E+00  5.00000E+00  1.00000E+00 -4.00000E+00  0.00000E+00  0.00000E+00  0.00000E+00  0.00000E+00  0.00000E+00  0.00000E+00  4.00000E+02  1.00000E+02 -3.00000E+02
1010 G01  6.36290E+01  6.36290E+01  0.00000E+00  1.22305E+02  1.12478E+02 -9.82700E+00  1.00000E+00  1.00000E+00  0.00000E+00  0.00000E+00  0.00000E+00  0.00000E+00  0.00000E+00  0.00000E+00  0.00000E+00  1.00000E+02  4.00000E+02  3.00000E+02
1020 G03  6.36290E+01  6.14822E+01 -2.14680E+00  1.12478E+02  1.15084E+02  2.60600E+00  1.00000E+00  1.00000E+00  0.00000E+00  0.00000E+00 -2.36395E+01 -2.36395E+01  0.00000E+00 -1.72897E+01 -1.72897E+01  4.00000E+02  4.00000E+02  0.00000E+00
1030 G03  6.14822E+01  5.98427E+01 -1.63950E+00  1.15084E+02  1.16568E+02  1.48400E+00  1.00000E+00  1.00000E+00  0.00000E+00 -2.36395E+01 -9.22596E+00  1.44135E+01 -1.72897E+01 -8.54024E+00  8.74946E+00  4.00000E+02  4.00000E+02  0.00000E+00
1040 G03  5.98427E+01  5.79640E+01 -1.87870E+00  1.16568E+02  1.17621E+02  1.05300E+00  1.00000E+00  1.00000E+00  0.00000E+00 -9.22596E+00 -4.75074E+00  4.47522E+00 -8.54024E+00 -6.27785E+00  2.26239E+00  4.00000E+02  4.00000E+02  0.00000E+00
1050 G03  5.79640E+01  5.64053E+01 -1.55870E+00  1.17621E+02  1.17915E+02  2.93999E-01  1.00000E+00  1.00000E+00  0.00000E+00 -4.75074E+00 -1.55876E+00  3.19198E+00 -6.27785E+00 -3.97829E+00  2.29956E+00  4.00000E+02  4.00000E+02  0.00000E+00
1060 G03  5.64053E+01  5.40065E+01 -2.39880E+00  1.17915E+02  1.17144E+02 -7.71004E-01  1.00000E+00  1.00000E+00  0.00000E+00 -1.55876E+00 -0.00000E+00  1.55876E+00 -3.97829E+00 -4.11468E+00 -1.36390E-01  4.00000E+02  4.00000E+02  0.00000E+00
1070 G03  5.40065E+01  5.19558E+01 -2.05070E+00  1.17144E+02  1.14723E+02 -2.42100E+00  1.00000E+00  1.00000E+00  0.00000E+00 -0.00000E+00  3.80311E+00  3.80311E+00 -4.11468E+00 -5.30044E+00 -1.18576E+00  4.00000E+02  4.00000E+02  0.00000E+00
1080 G03  5.19558E+01  5.08931E+01 -1.06270E+00  1.14723E+02  1.11417E+02 -3.30600E+00  1.00000E+00  1.00000E+00  0.00000E+00  3.80311E+00  1.10571E+01  7.25399E+00 -5.30044E+00 -5.37854E+00 -7.81002E-02  4.00000E+02  4.00000E+02  0.00000E+00
1090 G03  5.08931E+01  5.04029E+01 -4.90200E-01  1.11417E+02  1.05644E+02 -5.77300E+00  1.00000E+00  1.00000E+00  0.00000E+00  1.10571E+01  3.37512E+01  2.26941E+01 -5.37854E+00 -5.77326E+00 -3.94720E-01  4.00000E+02  4.00000E+02  0.00000E+00
1100 G03  5.04029E+01  5.07366E+01  3.33698E-01  1.05644E+02  1.00771E+02 -4.87299E+00  1.00000E+00  1.00000E+00  0.00000E+00  3.37512E+01  3.57547E+01  2.00350E+00 -5.77326E+00 -0.00000E+00  5.77326E+00  4.00000E+02  4.00000E+02  0.00000E+00
1110 G03  5.07366E+01  5.14324E+01  6.95801E-01  1.00771E+02  9.81617E+01 -2.60931E+00  1.00000E+00  1.00000E+00  0.00000E+00  3.57547E+01  1.08228E+01 -2.49319E+01 -0.00000E+00  1.48906E+00  1.48906E+00  4.00000E+02  4.00000E+02  0.00000E+00
1120 G03  5.14324E+01  5.28573E+01  1.42490E+00  9.81617E+01  9.60119E+01 -2.14980E+00  1.00000E+00  1.00000E+00  0.00000E+00  1.08228E+01  6.36519E+00 -4.45761E+00  1.48906E+00  2.67181E+00  1.18275E+00  4.00000E+02  4.00000E+02  0.00000E+00
1130 G03  5.28573E+01  5.53758E+01  2.51850E+00  9.60119E+01  9.41212E+01 -1.89070E+00  1.00000E+00  1.00000E+00  0.00000E+00  6.36519E+00  7.36595E+00  1.00076E+00  2.67181E+00  7.18894E+00  4.51713E+00  4.00000E+02  4.00000E+02  0.00000E+00
1140 G01  5.53758E+01  5.75045E+01  2.12870E+00  9.41212E+01  9.28741E+01 -1.24710E+00  1.00000E+00  1.00000E+00  0.00000E+00  7.36595E+00  0.00000E+00 -7.36595E+00  7.18894E+00  0.00000E+00 -7.18894E+00  4.00000E+02  4.00000E+02  0.00000E+00
1150 G02  5.75045E+01  6.07259E+01  3.22140E+00  9.28741E+01  9.01189E+01 -2.75520E+00  1.00000E+00  1.00000E+00  0.00000E+00  0.00000E+00 -4.87240E+00 -4.87240E+00  0.00000E+00 -8.95768E+00 -8.95768E+00  4.00000E+02  4.00000E+02  0.00000E+00
1160 G02  6.07259E+01  6.33150E+01  2.58910E+00  9.01189E+01  8.52919E+01 -4.82700E+00  1.00000E+00  1.00000E+00  0.00000E+00 -4.87240E+00 -1.35146E+01 -8.64220E+00 -8.95768E+00 -1.03566E+01 -1.39892E+00  4.00000E+02  4.00000E+02  0.00000E+00
1170 G02  6.33150E+01  6.46170E+01  1.30200E+00  8.52919E+01  7.98057E+01 -5.48620E+00  1.00000E+00  1.00000E+00  0.00000E+00 -1.35146E+01 -2.57640E+01 -1.22494E+01 -1.03566E+01 -9.01211E+00  1.34449E+00  4.00000E+02  4.00000E+02  0.00000E+00
1180 G02  6.46170E+01  6.51994E+01  5.82405E-01  7.98057E+01  7.08259E+01 -8.97980E+00  1.00000E+00  1.00000E+00  0.00000E+00 -2.57640E+01 -6.89326E+01 -4.31686E+01 -9.01211E+00 -8.97974E+00  3.23696E-02  4.00000E+02  4.00000E+02  0.00000E+00
1190 G02  6.51994E+01  6.43781E+01 -8.21304E-01  7.08259E+01  6.01798E+01 -1.06461E+01  1.00000E+00  1.00000E+00  0.00000E+00 -6.89326E+01 -6.94052E+01 -4.72595E-01 -8.97974E+00  0.00000E+00  8.97974E+00  4.00000E+02  4.00000E+02  0.00000E+00
1200 G02  6.43781E+01  6.26519E+01 -1.72620E+00  6.01798E+01  5.44145E+01 -5.76530E+00  1.00000E+00  1.00000E+00  0.00000E+00 -6.94052E+01 -2.17865E+01  4.76187E+01  0.00000E+00  3.38188E+00  3.38188E+00  4.00000E+02  4.00000E+02  0.00000E+00
1210 G02  6.26519E+01  5.92531E+01 -3.39880E+00  5.44145E+01  5.01747E+01 -4.23980E+00  1.00000E+00  1.00000E+00  0.00000E+00 -2.17865E+01 -9.98369E+00  1.18028E+01  3.38188E+00  4.52120E+00  1.13932E+00  4.00000E+02  4.00000E+02  0.00000E+00
1220 G02  5.92531E+01  5.52188E+01 -4.03430E+00  5.01747E+01  4.88276E+01 -1.34710E+00  1.00000E+00  1.00000E+00  0.00000E+00 -9.98369E+00 -4.03434E+00  5.94935E+00  4.52120E+00  5.36757E+00  8.46370E-01  4.00000E+02  4.00000E+02  0.00000E+00
1230 G02  5.52188E+01  5.34394E+01 -1.77940E+00  4.88276E+01  4.90918E+01  2.64202E-01  1.00000E+00  1.00000E+00  0.00000E+00 -4.03434E+00  0.00000E+00  4.03434E+00  5.36757E+00  6.12523E+00  7.57660E-01  4.00000E+02  4.00000E+02  0.00000E+00
1240 G02  5.34394E+01  5.12753E+01 -2.16410E+00  4.90918E+01  5.00248E+01  9.32999E-01  1.00000E+00  1.00000E+00  0.00000E+00  0.00000E+00  3.05379E+00  3.05379E+00  6.12523E+00  1.00588E+01  3.93357E+00  4.00000E+02  4.00000E+02  0.00000E+00
1250 G02  5.12753E+01  4.93212E+01 -1.95410E+00  5.00248E+01  5.13774E+01  1.35260E+00  1.00000E+00  1.00000E+00  0.00000E+00  3.05379E+00  7.20886E+00  4.15507E+00  1.00588E+01  1.25030E+01  2.44420E+00  4.00000E+02  4.00000E+02  0.00000E+00
1260 G02  4.93212E+01  4.69655E+01 -2.35570E+00  5.13774E+01  5.35665E+01  2.18910E+00  1.00000E+00  1.00000E+00  0.00000E+00  7.20886E+00  1.67757E+01  9.56684E+00  1.25030E+01  2.04142E+01  7.91120E+00  4.00000E+02  4.00000E+02  0.00000E+00
1270 G01  4.69655E+01  4.69655E+01  0.00000E+00  5.35665E+01  6.39421E+01  1.03756E+01  1.00000E+00  1.00000E+00  0.00000E+00  1.67757E+01  0.00000E+00 -1.67757E+01  2.04142E+01  0.00000E+00 -2.04142E+01  4.00000E+02  4.00000E+02  0.00000E+00
1280 G03  4.69655E+01  4.93021E+01  2.33660E+00  6.39421E+01  6.06647E+01 -3.27740E+00  1.00000E+00  1.00000E+00  0.00000E+00  0.00000E+00  2.76495E+01  2.76495E+01  0.00000E+00  1.72408E+01  1.72408E+01  4.00000E+02  4.00000E+02  0.00000E+00
1290 G03  4.93021E+01  5.11707E+01  1.86860E+00  6.06647E+01  5.87543E+01 -1.91040E+00  1.00000E+00  1.00000E+00  0.00000E+00  2.76495E+01  1.11573E+01 -1.64922E+01  1.72408E+01  9.04391E+00 -8.19689E+00  4.00000E+02  4.00000E+02  0.00000E+00
1300 G03  5.11707E+01  5.33697E+01  2.19900E+00  5.87543E+01  5.73902E+01 -1.36410E+00  1.00000E+00  1.00000E+00  0.00000E+00  1.11573E+01  5.67251E+00 -5.48479E+00  9.04391E+00  6.68963E+00 -2.35428E+00  4.00000E+02  4.00000E+02  0.00000E+00
1310 G03  5.33697E+01  5.52188E+01  1.84910E+00  5.73902E+01  5.70084E+01 -3.81802E-01  1.00000E+00  1.00000E+00  0.00000E+00  5.67251E+00  1.84909E+00 -3.82342E+00  6.68963E+00  4.28737E+00 -2.40226E+00  4.00000E+02  4.00000E+02  0.00000E+00
1320 G03  5.52188E+01  5.77256E+01  2.50680E+00  5.70084E+01  5.78243E+01  8.15899E-01  1.00000E+00  1.00000E+00  0.00000E+00  1.84909E+00 -0.00000E+00 -1.84909E+00  4.28737E+00  4.25898E+00 -2.83904E-02  4.00000E+02  4.00000E+02  0.00000E+00
1330 G03  5.77256E+01  5.98776E+01  2.15200E+00  5.78243E+01  6.04004E+01  2.57610E+00  1.00000E+00  1.00000E+00  0.00000E+00 -0.00000E+00 -4.06403E+00 -4.06403E+00  4.25898E+00  5.58178E+00  1.32280E+00  4.00000E+02  4.00000E+02  0.00000E+00
1340 G03  5.98776E+01  6.09989E+01  1.12130E+00  6.04004E+01  6.39113E+01  3.51090E+00  1.00000E+00  1.00000E+00  0.00000E+00 -4.06403E+00 -1.17845E+01 -7.72047E+00  5.58178E+00  5.69827E+00  1.16490E-01  4.00000E+02  4.00000E+02  0.00000E+00
1350 G03  6.09989E+01  6.15177E+01  5.18799E-01  6.39113E+01  7.00777E+01  6.16640E+00  1.00000E+00  1.00000E+00  0.00000E+00 -1.17845E+01 -3.63823E+01 -2.45978E+01  5.69827E+00  6.16636E+00  4.68090E-01  4.00000E+02  4.00000E+02  0.00000E+00
1360 G03  6.15177E+01  6.11449E+01 -3.72799E-01  7.00777E+01  7.54957E+01  5.41800E+00  1.00000E+00  1.00000E+00  0.00000E+00 -3.63823E+01 -3.95514E+01 -3.16910E+00  6.16636E+00 -0.00000E+00 -6.16636E+00  4.00000E+02  4.00000E+02  0.00000E+00
1370 G03  6.11449E+01  6.03312E+01 -8.13702E-01  7.54957E+01  7.86575E+01  3.16180E+00  1.00000E+00  1.00000E+00  0.00000E+00 -3.95514E+01 -1.41589E+01  2.53925E+01 -0.00000E+00 -1.95805E+00 -1.95805E+00  4.00000E+02  4.00000E+02  0.00000E+00
1380 G03  6.03312E+01  5.87393E+01 -1.59190E+00  7.86575E+01  8.13905E+01  2.73300E+00  1.00000E+00  1.00000E+00  0.00000E+00 -1.41589E+01 -8.94953E+00  5.20937E+00 -1.95805E+00 -3.38296E+00 -1.42491E+00  4.00000E+02  4.00000E+02  0.00000E+00
1390 G03  5.87393E+01  5.64751E+01 -2.26420E+00  8.13905E+01  8.32966E+01  1.90610E+00  1.00000E+00  1.00000E+00  0.00000E+00 -8.94953E+00 -6.44345E+00  2.50608E+00 -3.38296E+00 -5.35601E+00 -1.97305E+00  4.00000E+02  4.00000E+02  0.00000E+00
1400 G01  5.64751E+01  5.43289E+01 -2.14620E+00  8.32966E+01  8.44938E+01  1.19720E+00  1.00000E+00  1.00000E+00  0.00000E+00 -6.44345E+00  0.00000E+00  6.44345E+00 -5.35601E+00  0.00000E+00  5.35601E+00  4.00000E+02  4.00000E+02  0.00000E+00
1410 G02  5.43289E+01  5.10340E+01 -3.29490E+00  8.44938E+01  8.72881E+01  2.79430E+00  1.00000E+00  1.00000E+00  0.00000E+00  0.00000E+00  5.78218E+00  5.78218E+00  0.00000E+00  1.01578E+01  1.01578E+01  4.00000E+02  4.00000E+02  0.00000E+00
1420 G02  5.10340E+01  4.86231E+01 -2.41090E+00  8.72881E+01  9.15273E+01  4.23920E+00  1.00000E+00  1.00000E+00  0.00000E+00  5.78218E+00  1.15665E+01  5.78432E+00  1.01578E+01  9.38304E+00 -7.74759E-01  4.00000E+02  4.00000E+02  0.00000E+00
1430 G02  4.86231E+01  4.74162E+01 -1.20690E+00  9.15273E+01  9.64150E+01  4.88770E+00  1.00000E+00  1.00000E+00  0.00000E+00  1.15665E+01  2.14151E+01  9.84860E+00  9.38304E+00  7.88103E+00 -1.50201E+00  4.00000E+02  4.00000E+02  0.00000E+00
1440 G02  4.74162E+01  4.68608E+01 -5.55397E-01  9.64150E+01  1.04846E+02  8.43100E+00  1.00000E+00  1.00000E+00  0.00000E+00  2.14151E+01  6.37171E+01  4.23020E+01  7.88103E+00  8.43100E+00  5.49970E-01  4.00000E+02  4.00000E+02  0.00000E+00
1450 G02  4.68608E+01  4.76139E+01  7.53098E-01  1.04846E+02  1.14569E+02  9.72300E+00  1.00000E+00  1.00000E+00  0.00000E+00  6.37171E+01  6.31442E+01 -5.72899E-01  8.43100E+00 -0.00000E+00 -8.43100E+00  4.00000E+02  4.00000E+02  0.00000E+00
1460 G02  4.76139E+01  4.92862E+01  1.67230E+00  1.14569E+02  1.20409E+02  5.84000E+00  1.00000E+00  1.00000E+00  0.00000E+00  6.31442E+01  2.42135E+01 -3.89307E+01 -0.00000E+00 -3.77338E+00 -3.77338E+00  4.00000E+02  4.00000E+02  0.00000E+00
1470 G02  4.92862E+01  5.25603E+01  3.27410E+00  1.20409E+02  1.24834E+02  4.42500E+00  1.00000E+00  1.00000E+00  0.00000E+00  2.42135E+01  1.10310E+01 -1.31825E+01 -3.77338E+00 -4.73862E+00 -9.65240E-01  4.00000E+02  4.00000E+02  0.00000E+00
1480 G02  5.25603E+01  5.60039E+01  3.44360E+00  1.24834E+02  1.26096E+02  1.26200E+00  1.00000E+00  1.00000E+00  0.00000E+00  1.10310E+01  3.44365E+00 -7.58735E+00 -4.73862E+00 -4.06807E+00  6.70550E-01  4.00000E+02  4.00000E+02  0.00000E+00
1490 G02  5.60039E+01  5.77837E+01  1.77980E+00  1.26096E+02  1.25874E+02 -2.22000E-01  1.00000E+00  1.00000E+00  0.00000E+00  3.44365E+00 -0.00000E+00 -3.44365E+00 -4.06807E+00 -7.23434E+00 -3.16627E+00  4.00000E+02  4.00000E+02  0.00000E+00
1500 G02  5.77837E+01  5.97380E+01  1.95430E+00  1.25874E+02  1.25148E+02 -7.25998E-01  1.00000E+00  1.00000E+00  0.00000E+00 -0.00000E+00 -2.40395E+00 -2.40395E+00 -7.23434E+00 -9.47109E+00 -2.23675E+00  4.00000E+02  4.00000E+02  0.00000E+00
1510 G02  5.97380E+01  6.15368E+01  1.79880E+00  1.25148E+02  1.24054E+02 -1.09400E+00  1.00000E+00  1.00000E+00  0.00000E+00 -2.40395E+00 -5.57230E+00 -3.16835E+00 -9.47109E+00 -1.11820E+01 -1.71091E+00  4.00000E+02  4.00000E+02  0.00000E+00
1520 G02  6.15368E+01  6.36290E+01  2.09220E+00  1.24054E+02  1.22305E+02 -1.74900E+00  1.00000E+00  1.00000E+00  0.00000E+00 -5.57230E+00 -1.23599E+01 -6.78760E+00 -1.11820E+01 -1.69144E+01 -5.73240E+00  4.00000E+02  4.00000E+02  0.00000E+00
1530 G01  6.36290E+01  6.36290E+01  0.00000E+00  1.22305E+02  1.22305E+02  0.00000E+00  1.00000E+00  1.00000E+00  0.00000E+00 -1.23599E+01  0.00000E+00  1.23599E+01 -1.69144E+01  0.00000E+00  1.69144E+01  4.00000E+02  4.00000E+02  0.00000E+00
1540 G00  6.36290E+01  6.36290E+01  0.00000E+00  1.22305E+02  1.22305E+02  0.00000E+00  1.00000E+00  5.00000E+00  4.00000E+00  0.00000E+00  0.00000E+00  0.00000E+00  0.00000E+00  0.00000E+00  0.00000E+00  4.00000E+02  4.00000E+02  0.00000E+00
1550 G00  6.36290E+01  6.36290E+01  0.00000E+00  1.22305E+02  1.22305E+02  0.00000E+00  5.00000E+00  5.00000E+00  0.00000E+00  0.00000E+00  0.00000E+00  0.00000E+00  0.00000E+00  0.00000E+00  0.00000E+00  4.00000E+02  4.00000E+02  0.00000E+00
1560 G00  6.36290E+01  3.74734E+01 -2.61556E+01  1.22305E+02  1.24749E+02  2.44400E+00  5.00000E+00  5.00000E+00  0.00000E+00  0.00000E+00  0.00000E+00  0.00000E+00  0.00000E+00  0.00000E+00  0.00000E+00  4.00000E+02  4.00000E+02  0.00000E+00
1570 G01  3.74734E+01  3.74734E+01  0.00000E+00  1.24749E+02  1.24749E+02  0.00000E+00  5.00000E+00  1.00000E+00 -4.00000E+00  0.00000E+00  0.00000E+00  0.00000E+00  0.00000E+00  0.00000E+00  0.00000E+00  4.00000E+02  1.00000E+02 -3.00000E+02
1580 G01  3.74734E+01  4.09981E+01  3.52470E+00  1.24749E+02  1.24749E+02  0.00000E+00  1.00000E+00  1.00000E+00  0.00000E+00  0.00000E+00  0.00000E+00  0.00000E+00  0.00000E+00  0.00000E+00  0.00000E+00  1.00000E+02  4.00000E+02  3.00000E+02
1590 G01  4.09981E+01  4.09981E+01  0.00000E+00  1.24749E+02  5.02742E+01 -7.44748E+01  1.00000E+00  1.00000E+00  0.00000E+00  0.00000E+00  0.00000E+00  0.00000E+00  0.00000E+00  0.00000E+00  0.00000E+00  4.00000E+02  4.00000E+02  0.00000E+00
1600 G01  4.09981E+01  3.74734E+01 -3.52470E+00  5.02742E+01  5.02742E+01  0.00000E+00  1.00000E+00  1.00000E+00  0.00000E+00  0.00000E+00  0.00000E+00  0.00000E+00  0.00000E+00  0.00000E+00  0.00000E+00  4.00000E+02  4.00000E+02  0.00000E+00
1610 G01  3.74734E+01  3.74734E+01  0.00000E+00  5.02742E+01  1.24749E+02  7.44748E+01  1.00000E+00  1.00000E+00  0.00000E+00  0.00000E+00  0.00000E+00  0.00000E+00  0.00000E+00  0.00000E+00  0.00000E+00  4.00000E+02  4.00000E+02  0.00000E+00
1620 G01  3.74734E+01  3.74734E+01  0.00000E+00  1.24749E+02  1.24749E+02  0.00000E+00  1.00000E+00  1.00000E+00  0.00000E+00  0.00000E+00  0.00000E+00  0.00000E+00  0.00000E+00  0.00000E+00  0.00000E+00  4.00000E+02  4.00000E+02  0.00000E+00
1630 G00  3.74734E+01  3.74734E+01  0.00000E+00  1.24749E+02  1.24749E+02  0.00000E+00  1.00000E+00  5.00000E+00  4.00000E+00  0.00000E+00  0.00000E+00  0.00000E+00  0.00000E+00  0.00000E+00  0.00000E+00  4.00000E+02  4.00000E+02  0.00000E+00
1640 G00  3.74734E+01  3.74734E+01  0.00000E+00  1.24749E+02  1.24749E+02  0.00000E+00  5.00000E+00  5.00000E+00  0.00000E+00  0.00000E+00  0.00000E+00  0.00000E+00  0.00000E+00  0.00000E+00  0.00000E+00  4.00000E+02  4.00000E+02  0.00000E+00
1650 G00  3.74734E+01  1.65001E+01 -2.09733E+01  1.24749E+02  8.58406E+01 -3.89084E+01  5.00000E+00  5.00000E+00  0.00000E+00  0.00000E+00  0.00000E+00  0.00000E+00  0.00000E+00  0.00000E+00  0.00000E+00  4.00000E+02  4.00000E+02  0.00000E+00
1660 G01  1.65001E+01  1.65001E+01  0.00000E+00  8.58406E+01  8.58406E+01  0.00000E+00  5.00000E+00  1.00000E+00 -4.00000E+00  0.00000E+00  0.00000E+00  0.00000E+00  0.00000E+00  0.00000E+00  0.00000E+00  4.00000E+02  1.00000E+02 -3.00000E+02
1670 G01  1.65001E+01  1.65001E+01  0.00000E+00  8.58406E+01  5.85548E+01 -2.72858E+01  1.00000E+00  1.00000E+00  0.00000E+00  0.00000E+00  0.00000E+00  0.00000E+00  0.00000E+00  0.00000E+00  0.00000E+00  1.00000E+02  4.00000E+02  3.00000E+02
1680 G01  1.65001E+01  2.21534E+01  5.65330E+00  5.85548E+01  5.85548E+01  0.00000E+00  1.00000E+00  1.00000E+00  0.00000E+00  0.00000E+00  0.00000E+00  0.00000E+00  0.00000E+00  0.00000E+00  0.00000E+00  4.00000E+02  4.00000E+02  0.00000E+00
1690 G03  2.21534E+01  2.44569E+01  2.30350E+00  5.85548E+01  5.93587E+01  8.03902E-01  1.00000E+00  1.00000E+00  0.00000E+00  0.00000E+00 -0.00000E+00 -0.00000E+00  0.00000E+00  3.70221E+00  3.70221E+00  4.00000E+02  4.00000E+02  0.00000E+00
1700 G03  2.44569E+01  2.63586E+01  1.90170E+00  5.93587E+01  6.18969E+01  2.53820E+00  1.00000E+00  1.00000E+00  0.00000E+00 -0.00000E+00 -3.89266E+00 -3.89266E+00  3.70221E+00  4.89782E+00  1.19561E+00  4.00000E+02  4.00000E+02  0.00000E+00
1710 G03  2.63586E+01  2.72822E+01  9.23599E-01  6.18969E+01  6.53778E+01  3.48090E+00  1.00000E+00  1.00000E+00  0.00000E+00 -3.89266E+00 -1.32080E+01 -9.31534E+00  4.89782E+00  5.36743E+00  4.69610E-01  4.00000E+02  4.00000E+02  0.00000E+00
1720 G03  2.72822E+01  2.77370E+01  4.54800E-01  6.53778E+01  7.22226E+01  6.84480E+00  1.00000E+00  1.00000E+00  0.00000E+00 -1.32080E+01 -5.12733E+01 -3.80653E+01  5.36743E+00  6.84481E+00  1.47738E+00  4.00000E+02  4.00000E+02  0.00000E+00
1730 G03  2.77370E+01  2.72769E+01 -4.60100E-01  7.22226E+01  7.91138E+01  6.89120E+00  1.00000E+00  1.00000E+00  0.00000E+00 -5.12733E+01 -5.18312E+01 -5.57899E-01  6.84481E+00  0.00000E+00 -6.84481E+00  4.00000E+02  4.00000E+02  0.00000E+00
1740 G03  2.72769E+01  2.63586E+01 -9.18299E-01  7.91138E+01  8.24985E+01  3.38470E+00  1.00000E+00  1.00000E+00  0.00000E+00 -5.18312E+01 -1.32462E+01  3.85850E+01  0.00000E+00 -1.77691E+00 -1.77691E+00  4.00000E+02  4.00000E+02  0.00000E+00
1750 G03  2.63586E+01  2.44569E+01 -1.90170E+00  8.24985E+01  8.50367E+01  2.53820E+00  1.00000E+00  1.00000E+00  0.00000E+00 -1.32462E+01 -5.79430E+00  7.45190E+00 -1.77691E+00 -2.35958E+00 -5.82670E-01  4.00000E+02  4.00000E+02  0.00000E+00
1760 G03  2.44569E+01  2.21534E+01 -2.30350E+00  8.50367E+01  8.58406E+01  8.03902E-01  1.00000E+00  1.00000E+00  0.00000E+00 -5.79430E+00 -2.30351E+00  3.49079E+00 -2.35958E+00 -2.89831E+00 -5.38730E-01  4.00000E+02  4.00000E+02  0.00000E+00
1770 G01  2.21534E+01  1.65001E+01 -5.65330E+00  8.58406E+01  8.58406E+01  0.00000E+00  1.00000E+00  1.00000E+00  0.00000E+00 -2.30351E+00  0.00000E+00  2.30351E+00 -2.89831E+00  0.00000E+00  2.89831E+00  4.00000E+02  4.00000E+02  0.00000E+00
1780 G01  1.65001E+01  1.65001E+01  0.00000E+00  8.58406E+01  8.58406E+01  0.00000E+00  1.00000E+00  1.00000E+00  0.00000E+00  0.00000E+00  0.00000E+00  0.00000E+00  0.00000E+00  0.00000E+00  0.00000E+00  4.00000E+02  4.00000E+02  0.00000E+00
1790 G00  1.65001E+01  1.65001E+01  0.00000E+00  8.58406E+01  8.58406E+01  0.00000E+00  1.00000E+00  5.00000E+00  4.00000E+00  0.00000E+00  0.00000E+00  0.00000E+00  0.00000E+00  0.00000E+00  0.00000E+00  4.00000E+02  4.00000E+02  0.00000E+00
1800 G00  1.65001E+01  1.65001E+01  0.00000E+00  8.58406E+01  8.58406E+01  0.00000E+00  5.00000E+00  5.00000E+00  0.00000E+00  0.00000E+00  0.00000E+00  0.00000E+00  0.00000E+00  0.00000E+00  0.00000E+00  4.00000E+02  4.00000E+02  0.00000E+00
1810 G00  1.65001E+01  1.65001E+01  0.00000E+00  8.58406E+01  1.16469E+02  3.06284E+01  5.00000E+00  5.00000E+00  0.00000E+00  0.00000E+00  0.00000E+00  0.00000E+00  0.00000E+00  0.00000E+00  0.00000E+00  4.00000E+02  4.00000E+02  0.00000E+00
1820 G01  1.65001E+01  1.65001E+01  0.00000E+00  1.16469E+02  1.16469E+02  0.00000E+00  5.00000E+00  1.00000E+00 -4.00000E+00  0.00000E+00  0.00000E+00  0.00000E+00  0.00000E+00  0.00000E+00  0.00000E+00  4.00000E+02  1.00000E+02 -3.00000E+02
1830 G01  1.65001E+01  1.65001E+01  0.00000E+00  1.16469E+02  9.40214E+01 -2.24476E+01  1.00000E+00  1.00000E+00  0.00000E+00  0.00000E+00  0.00000E+00  0.00000E+00  0.00000E+00  0.00000E+00  0.00000E+00  1.00000E+02  4.00000E+02  3.00000E+02
1840 G01  1.65001E+01  2.17172E+01  5.21710E+00  9.40214E+01  9.40214E+01  0.00000E+00  1.00000E+00  1.00000E+00  0.00000E+00  0.00000E+00  0.00000E+00  0.00000E+00  0.00000E+00  0.00000E+00  0.00000E+00  4.00000E+02  4.00000E+02  0.00000E+00
1850 G03  2.17172E+01  2.38588E+01  2.14160E+00  9.40214E+01  9.47081E+01  6.86699E-01  1.00000E+00  1.00000E+00  0.00000E+00  0.00000E+00 -0.00000E+00 -0.00000E+00  0.00000E+00  3.68316E+00  3.68316E+00  4.00000E+02  4.00000E+02  0.00000E+00
1860 G03  2.38588E+01  2.55559E+01  1.69710E+00  9.47081E+01  9.67650E+01  2.05690E+00  1.00000E+00  1.00000E+00  0.00000E+00 -0.00000E+00 -3.01087E+00 -3.01087E+00  3.68316E+00  4.21275E+00  5.29590E-01  4.00000E+02  4.00000E+02  0.00000E+00
1870 G03  2.55559E+01  2.64118E+01  8.55900E-01  9.67650E+01  9.96492E+01  2.88420E+00  1.00000E+00  1.00000E+00  0.00000E+00 -3.01087E+00 -9.85285E+00 -6.84198E+00  4.21275E+00  4.49272E+00  2.79970E-01  4.00000E+02  4.00000E+02  0.00000E+00
1880 G03  2.64118E+01  2.68297E+01  4.17900E-01  9.96492E+01  1.05245E+02  5.59580E+00  1.00000E+00  1.00000E+00  0.00000E+00 -9.85285E+00 -3.72545E+01 -2.74017E+01  4.49272E+00  5.59585E+00  1.10313E+00  4.00000E+02  4.00000E+02  0.00000E+00
1890 G03  2.68297E+01  2.64131E+01 -4.16601E-01  1.05245E+02  1.10791E+02  5.54600E+00  1.00000E+00  1.00000E+00  0.00000E+00 -3.72545E+01 -3.71237E+01  1.30802E-01  5.59585E+00  0.00000E+00 -5.59585E+00  4.00000E+02  4.00000E+02  0.00000E+00
1900 G03  2.64131E+01  2.55559E+01 -8.57199E-01  1.10791E+02  1.13675E+02  2.88400E+00  1.00000E+00  1.00000E+00  0.00000E+00 -3.71237E+01 -1.07409E+01  2.63828E+01  0.00000E+00 -1.62289E+00 -1.62289E+00  4.00000E+02  4.00000E+02  0.00000E+00
1910 G03  2.55559E+01  2.38507E+01 -1.70520E+00  1.13675E+02  1.15775E+02  2.10000E+00  1.00000E+00  1.00000E+00  0.00000E+00 -1.07409E+01 -4.80565E+00  5.93525E+00 -1.62289E+00 -2.16128E+00 -5.38390E-01  4.00000E+02  4.00000E+02  0.00000E+00
1920 G03  2.38507E+01  2.17172E+01 -2.13350E+00  1.15775E+02  1.16469E+02  6.94000E-01  1.00000E+00  1.00000E+00  0.00000E+00 -4.80565E+00 -2.13350E+00  2.67215E+00 -2.16128E+00 -2.93184E+00 -7.70560E-01  4.00000E+02  4.00000E+02  0.00000E+00
1930 G01  2.17172E+01  1.65001E+01 -5.21710E+00  1.16469E+02  1.16469E+02  0.00000E+00  1.00000E+00  1.00000E+00  0.00000E+00 -2.13350E+00  0.00000E+00  2.13350E+00 -2.93184E+00  0.00000E+00  2.93184E+00  4.00000E+02  4.00000E+02  0.00000E+00
1940 G01  1.65001E+01  1.65001E+01  0.00000E+00  1.16469E+02  1.16469E+02  0.00000E+00  1.00000E+00  1.00000E+00  0.00000E+00  0.00000E+00  0.00000E+00  0.00000E+00  0.00000E+00  0.00000E+00  0.00000E+00  4.00000E+02  4.00000E+02  0.00000E+00
1950 G00  1.65001E+01  1.65001E+01  0.00000E+00  1.16469E+02  1.16469E+02  0.00000E+00  1.00000E+00  5.00000E+00  4.00000E+00  0.00000E+00  0.00000E+00  0.00000E+00  0.00000E+00  0.00000E+00  0.00000E+00  4.00000E+02  4.00000E+02  0.00000E+00
1960 G00  1.65001E+01  1.65001E+01  0.00000E+00  1.16469E+02  1.16469E+02  0.00000E+00  5.00000E+00  5.00000E+00  0.00000E+00  0.00000E+00  0.00000E+00  0.00000E+00  0.00000E+00  0.00000E+00  0.00000E+00  4.00000E+02  4.00000E+02  0.00000E+00
1970 G00  1.65001E+01  1.29754E+01 -3.52470E+00  1.16469E+02  1.24749E+02  8.28000E+00  5.00000E+00  5.00000E+00  0.00000E+00  0.00000E+00  0.00000E+00  0.00000E+00  0.00000E+00  0.00000E+00  0.00000E+00  4.00000E+02  4.00000E+02  0.00000E+00
1980 G01  1.29754E+01  1.29754E+01  0.00000E+00  1.24749E+02  1.24749E+02  0.00000E+00  5.00000E+00  1.00000E+00 -4.00000E+00  0.00000E+00  0.00000E+00  0.00000E+00  0.00000E+00  0.00000E+00  0.00000E+00  4.00000E+02  1.00000E+02 -3.00000E+02
1990 G01  1.29754E+01  2.19790E+01  9.00360E+00  1.24749E+02  1.24749E+02  0.00000E+00  1.00000E+00  1.00000E+00  0.00000E+00  0.00000E+00  0.00000E+00  0.00000E+00  0.00000E+00  0.00000E+00  0.00000E+00  1.00000E+02  4.00000E+02  3.00000E+02
2000 G02  2.19790E+01  2.52849E+01  3.30590E+00  1.24749E+02  1.23623E+02 -1.12600E+00  1.00000E+00  1.00000E+00  0.00000E+00  0.00000E+00 -0.00000E+00 -0.00000E+00  0.00000E+00 -5.41473E+00 -5.41473E+00  4.00000E+02  4.00000E+02  0.00000E+00
2010 G02  2.52849E+01  2.81907E+01  2.90580E+00  1.23623E+02  1.19960E+02 -3.66300E+00  1.00000E+00  1.00000E+00  0.00000E+00 -0.00000E+00 -5.92357E+00 -5.92357E+00 -5.41473E+00 -7.68379E+00 -2.26906E+00  4.00000E+02  4.00000E+02  0.00000E+00
2020 G02  2.81907E+01  2.96811E+01  1.49040E+00  1.19960E+02  1.15022E+02 -4.93800E+00  1.00000E+00  1.00000E+00  0.00000E+00 -5.92357E+00 -1.75325E+01 -1.16089E+01 -7.68379E+00 -7.98537E+00 -3.01580E-01  4.00000E+02  4.00000E+02  0.00000E+00
2030 G02  2.96811E+01  3.03718E+01  6.90699E-01  1.15022E+02  1.06342E+02 -8.68000E+00  1.00000E+00  1.00000E+00  0.00000E+00 -1.75325E+01 -5.41911E+01 -3.66586E+01 -7.98537E+00 -8.67937E+00 -6.94000E-01  4.00000E+02  4.00000E+02  0.00000E+00
2040 G02  3.03718E+01  3.00242E+01 -3.47599E-01  1.06342E+02  9.95557E+01 -6.78630E+00  1.00000E+00  1.00000E+00  0.00000E+00 -5.41911E+01 -6.64363E+01 -1.22452E+01 -8.67937E+00 -0.00000E+00  8.67937E+00  4.00000E+02  4.00000E+02  0.00000E+00
2050 G02  3.00242E+01  2.92551E+01 -7.69100E-01  9.95557E+01  9.54680E+01 -4.08770E+00  1.00000E+00  1.00000E+00  0.00000E+00 -6.64363E+01 -2.47582E+01  4.16781E+01 -0.00000E+00  2.54247E+00  2.54247E+00  4.00000E+02  4.00000E+02  0.00000E+00
2060 G02  2.92551E+01  2.76291E+01 -1.62600E+00  9.54680E+01  9.18601E+01 -3.60790E+00  1.00000E+00  1.00000E+00  0.00000E+00 -2.47582E+01 -1.24535E+01  1.23047E+01  2.54247E+00  3.44189E+00  8.99420E-01  4.00000E+02  4.00000E+02  0.00000E+00
2070 G02  2.76291E+01  2.59747E+01 -1.65440E+00  9.18601E+01  9.04298E+01 -1.43030E+00  1.00000E+00  1.00000E+00  0.00000E+00 -1.24535E+01 -3.30663E+00  9.14687E+00  3.44189E+00  2.15296E+00 -1.28893E+00  4.00000E+02  4.00000E+02  0.00000E+00
2080 G02  2.59747E+01  2.79937E+01  2.01900E+00  9.04298E+01  8.83946E+01 -2.03520E+00  1.00000E+00  1.00000E+00  0.00000E+00 -3.30663E+00 -3.17109E+00  1.35540E-01  2.15296E+00 -5.16486E+00 -7.31782E+00  4.00000E+02  4.00000E+02  0.00000E+00
2090 G02  2.79937E+01  3.00054E+01  2.01170E+00  8.83946E+01  8.37456E+01 -4.64900E+00  1.00000E+00  1.00000E+00  0.00000E+00 -3.17109E+00 -1.62052E+01 -1.30341E+01 -5.16486E+00 -9.77178E+00 -4.60692E+00  4.00000E+02  4.00000E+02  0.00000E+00
2100 G02  3.00054E+01  3.10234E+01  1.01800E+00  8.37456E+01  7.86468E+01 -5.09880E+00  1.00000E+00  1.00000E+00  0.00000E+00 -1.62052E+01 -3.02002E+01 -1.39950E+01 -9.77178E+00 -8.68120E+00  1.09058E+00  4.00000E+02  4.00000E+02  0.00000E+00
2110 G02  3.10234E+01  3.14536E+01  4.30201E-01  7.86468E+01  7.11252E+01 -7.52160E+00  1.00000E+00  1.00000E+00  0.00000E+00 -3.02002E+01 -6.55448E+01 -3.53446E+01 -8.68120E+00 -7.52158E+00  1.15962E+00  4.00000E+02  4.00000E+02  0.00000E+00
2120 G02  3.14536E+01  3.07021E+01 -7.51499E-01  7.11252E+01  6.13055E+01 -9.81970E+00  1.00000E+00  1.00000E+00  0.00000E+00 -6.55448E+01 -6.45345E+01  1.01030E+00 -7.52158E+00 -0.00000E+00  7.52158E+00  4.00000E+02  4.00000E+02  0.00000E+00
2130 G02  3.07021E+01  2.90806E+01 -1.62150E+00  6.13055E+01  5.57115E+01 -5.59400E+00  1.00000E+00  1.00000E+00  0.00000E+00 -6.45345E+01 -2.23083E+01  4.22262E+01 -0.00000E+00  3.43447E+00  3.43447E+00  4.00000E+02  4.00000E+02  0.00000E+00
2140 G02  2.90806E+01  2.58863E+01 -3.19430E+00  5.57115E+01  5.15288E+01 -4.18270E+00  1.00000E+00  1.00000E+00  0.00000E+00 -2.23083E+01 -1.01178E+01  1.21905E+01  3.43447E+00  4.41583E+00  9.81360E-01  4.00000E+02  4.00000E+02  0.00000E+00
2150 G02  2.58863E+01  2.23279E+01 -3.55840E+00  5.15288E+01  5.02742E+01 -1.25460E+00  1.00000E+00  1.00000E+00  0.00000E+00 -1.01178E+01 -3.55835E+00  6.55945E+00  4.41583E+00  4.41923E+00  3.39985E-03  4.00000E+02  4.00000E+02  0.00000E+00
2160 G01  2.23279E+01  1.29754E+01 -9.35250E+00  5.02742E+01  5.02742E+01  0.00000E+00  1.00000E+00  1.00000E+00  0.00000E+00 -3.55835E+00  0.00000E+00  3.55835E+00  4.41923E+00  0.00000E+00 -4.41923E+00  4.00000E+02  4.00000E+02  0.00000E+00
2170 G01  1.29754E+01  1.29754E+01  0.00000E+00  5.02742E+01  1.24749E+02  7.44748E+01  1.00000E+00  1.00000E+00  0.00000E+00  0.00000E+00  0.00000E+00  0.00000E+00  0.00000E+00  0.00000E+00  0.00000E+00  4.00000E+02  4.00000E+02  0.00000E+00
2180 G01  1.29754E+01  1.29754E+01  0.00000E+00  1.24749E+02  1.24749E+02  0.00000E+00  1.00000E+00  1.00000E+00  0.00000E+00  0.00000E+00  0.00000E+00  0.00000E+00  0.00000E+00  0.00000E+00  0.00000E+00  4.00000E+02  4.00000E+02  0.00000E+00
2190 G00  1.29754E+01  1.29754E+01  0.00000E+00  1.24749E+02  1.24749E+02  0.00000E+00  1.00000E+00  5.00000E+00  4.00000E+00  0.00000E+00  0.00000E+00  0.00000E+00  0.00000E+00  0.00000E+00  0.00000E+00  4.00000E+02  4.00000E+02  0.00000E+00
2210 G00  1.29754E+01  0.00000E+00 -1.29754E+01  1.24749E+02  0.00000E+00 -1.24749E+02  5.00000E+00  5.00000E+00  0.00000E+00  0.00000E+00  0.00000E+00  0.00000E+00  0.00000E+00  0.00000E+00  0.00000E+00  4.00000E+02  4.00000E+02  0.00000E+00
